==============================================================================
H-EARN-POST Level 1/2 分析（预注册 H-EARN-POST）
载入 hep_events.parquet (96080, 237)
基线方向冻结(TRAIN 2018–2022, T+20): {'B1_MOM': -1, 'B2_VAL': -1, 'B3_GROW': -1, 'B4_REACT': -1, 'B5_FM': -1}
==============================================================================
0) 向量化 vs 逐 cohort 一致性自检（E=20 / SIG_RESID / T+20）
  IC      n=142  max|diff|=1.110e-16
  BUCKET  n=142  top max|diff|=5.551e-17  bot max|diff|=8.327e-17
  AUC     fast=0.515968  loop=0.515968  |diff|=0.000e+00
  ex_5 vs pex_5  corr=1.000000  n=31154
  ex_20 vs pex_20  corr=1.000000  n=30610
  自检结果: PASS
==============================================================================
1) §20 横截面 Rank IC（E20/25/30 × T5/10/20/60 × 分期）
                   n  mean_ic    icir    ic_t  pos_ratio
entry signal                                            
E20   SIG_FSC    142   0.0362  0.2492  1.8824     0.6056
      SIG_RESID  142   0.0344  0.2476  1.8933     0.6056
      SIG_QUADA  142   0.0387  0.2612  2.5109     0.6479
      SIG_INTER  142   0.0035  0.0246  0.3474     0.5282
      B1_MOM     144   0.0817  0.4589  3.2973     0.6806
      B2_VAL     144   0.0135  0.0718  0.3571     0.5347
      B3_GROW    144   0.0008  0.0051  0.0317     0.5278
      B4_REACT   144   0.0800  0.4354  3.0040     0.6319
      B5_FM      144   0.0606  0.3478  2.1647     0.6806
E25   SIG_FSC    141  -0.0010 -0.0068 -0.0510     0.4539
      SIG_RESID  141  -0.0020 -0.0148 -0.1099     0.4113
      SIG_QUADA  141   0.0170  0.1244  1.5531     0.5248
      SIG_INTER  141  -0.0150 -0.1186 -1.9000     0.3759
      B1_MOM     143   0.0641  0.3657  2.9461     0.6713
      B2_VAL     143   0.0346  0.1703  0.9592     0.5944
      B3_GROW    143   0.0341  0.2092  1.1628     0.6364
      B4_REACT   143   0.0620  0.3202  1.9450     0.6573
      B5_FM      143   0.0744  0.4496  2.8653     0.6923
E30   SIG_FSC    141  -0.0142 -0.0918 -0.6910     0.4113
      SIG_RESID  141  -0.0121 -0.0792 -0.5834     0.3830
      SIG_QUADA  141   0.0152  0.1190  1.2807     0.5106
      SIG_INTER  141   0.0092  0.0742  1.0028     0.5745
      B1_MOM     143   0.0699  0.3983  2.2953     0.6503
      B2_VAL     143   0.0369  0.1896  1.0572     0.5664
      B3_GROW    143   0.0583  0.3255  1.7193     0.6573
      B4_REACT   143   0.0656  0.3482  1.8326     0.6503
      B5_FM      143   0.1010  0.5225  2.7633     0.7692
  样本外分期（Primary=T+20, 主信号 SIG_RESID）:
                   n  mean_ic    icir    ic_t  pos_ratio
entry phase                                             
E20   ALL        142   0.0344  0.2476  1.8933     0.6056
      TRAIN       95   0.0413  0.2753  1.6294     0.6421
      VALID       34   0.0077  0.0656  0.6209     0.4706
      OOS         13   0.0536  0.5548  3.7460     0.6923
      LIVE-LIKE    0      NaN     NaN     NaN        NaN
E25   ALL        141  -0.0020 -0.0148 -0.1099     0.4113
      TRAIN       95   0.0007  0.0045  0.0258     0.4316
      VALID       33  -0.0309 -0.2588 -2.9909     0.2727
      OOS         13   0.0515  0.4453  1.7888     0.6154
      LIVE-LIKE    0      NaN     NaN     NaN        NaN
E30   ALL        141  -0.0121 -0.0792 -0.5834     0.3830
      TRAIN       95  -0.0047 -0.0292 -0.1636     0.4000
      VALID       33  -0.0439 -0.3263 -6.7554     0.2424
      OOS         13   0.0151  0.1270  1.4499     0.6154
      LIVE-LIKE    0      NaN     NaN     NaN        NaN
  已存 out/h_earn_post_ic.csv  540 行
==============================================================================
2) §21 Top-Bottom 分位组合（q: T10/B10=10%, T20/B20=20%；成本 30bp）
                 tb20_gross  tb20_net  tb10_gross  tb10_net  win_ratio
entry signal                                                          
E20   SIG_FSC        0.0096   -0.0024     -0.0013   -0.0133     0.6197
      SIG_RESID      0.0081   -0.0039     -0.0009   -0.0129     0.6056
      SIG_INTER      0.0071   -0.0049      0.0063   -0.0057     0.5141
      B1_MOM         0.0148    0.0028      0.0172    0.0052     0.6181
      B2_VAL         0.0218    0.0098      0.0179    0.0059     0.5833
      B3_GROW        0.0034   -0.0086      0.0066   -0.0054     0.5417
      B4_REACT       0.0164    0.0044      0.0206    0.0086     0.5833
      B5_FM          0.0109   -0.0011      0.0133    0.0013     0.6319
E25   SIG_FSC        0.0009   -0.0111     -0.0012   -0.0132     0.4752
      SIG_RESID      0.0001   -0.0119     -0.0023   -0.0143     0.4610
      SIG_INTER     -0.0020   -0.0140     -0.0029   -0.0149     0.4752
      B1_MOM         0.0107   -0.0013      0.0175    0.0055     0.5804
      B2_VAL         0.0302    0.0182      0.0270    0.0150     0.6783
      B3_GROW        0.0112   -0.0008      0.0212    0.0092     0.5804
      B4_REACT       0.0084   -0.0036      0.0142    0.0022     0.5664
      B5_FM          0.0188    0.0068      0.0254    0.0134     0.6364
E30   SIG_FSC       -0.0055   -0.0175     -0.0079   -0.0199     0.3617
      SIG_RESID     -0.0037   -0.0157     -0.0048   -0.0168     0.4043
      SIG_INTER      0.0038   -0.0082     -0.0004   -0.0124     0.4894
      B1_MOM         0.0165    0.0045      0.0249    0.0129     0.6014
      B2_VAL         0.0194    0.0074      0.0226    0.0106     0.6084
      B3_GROW        0.0204    0.0084      0.0220    0.0100     0.6643
      B4_REACT       0.0076   -0.0044      0.0179    0.0059     0.5315
      B5_FM          0.0270    0.0150      0.0330    0.0210     0.7343
  已存 out/h_earn_post_spread.csv  424 行
==============================================================================
3) §22 Winner/Loser 判别（Winner=前20%%，Loser=后20%%）
                     n     auc     eff  rank_sep  prec10
entry signal                                            
E20   SIG_FSC    10448  0.5150  0.0190    0.0162  0.4881
      SIG_RESID  10446  0.5160  0.0227    0.0169  0.4978
      SIG_QUADA  10446  0.5110  0.0597    0.0110  0.5432
      SIG_INTER  10446  0.5089  0.0034    0.0085  0.4644
      B1_MOM     10645  0.5642  0.2142    0.0623  0.5278
      B2_VAL     10645  0.5212  0.0637    0.0195  0.4982
      B3_GROW    10619  0.5371  0.1118    0.0366  0.5224
      B4_REACT   10636  0.5502  0.1757    0.0481  0.5198
      B5_FM      10645  0.5734  0.2346    0.0736  0.5484
E25   SIG_FSC    10737  0.4755 -0.1009   -0.0243  0.4373
      SIG_RESID  10725  0.4763 -0.0986   -0.0235  0.4419
      SIG_QUADA  10725  0.4964 -0.0191   -0.0036  0.4879
      SIG_INTER  10725  0.5007 -0.0163    0.0001  0.4516
      B1_MOM     10940  0.5517  0.1887    0.0501  0.5073
      B2_VAL     10940  0.5421  0.1140    0.0451  0.5126
      B3_GROW    10914  0.5708  0.2183    0.0714  0.5858
      B4_REACT   10935  0.5325  0.1381    0.0277  0.4956
      B5_FM      10940  0.5872  0.2828    0.0884  0.5923
E30   SIG_FSC    10746  0.4703 -0.1138   -0.0300  0.4405
      SIG_RESID  10736  0.4701 -0.1165   -0.0300  0.4421
      SIG_QUADA  10736  0.4971 -0.0154   -0.0029  0.4914
      SIG_INTER  10736  0.5085  0.0094    0.0090  0.4517
      B1_MOM     10958  0.5685  0.2568    0.0658  0.5216
      B2_VAL     10958  0.5071  0.0132    0.0100  0.4706
      B3_GROW    10928  0.5907  0.2780    0.0927  0.5963
      B4_REACT   10946  0.5528  0.2047    0.0490  0.4951
      B5_FM      10958  0.6144  0.3724    0.1182  0.6466
  已存 out/h_earn_post_auc.csv  540 行
==============================================================================
4) §25 事件后路径（Alpha 何时出现）
  主信号 SIG_RESID 的路径（锚点=D0；mean_ic / T20-B20）:
      mean_ic                    tb20                
entry     E20     E25     E30     E20     E25     E30
k                                                    
1     -0.0070 -0.0028 -0.0075 -0.0001  0.0011  0.0010
2      0.0110  0.0199  0.0142  0.0009  0.0029  0.0022
3     -0.0010  0.0075  0.0033 -0.0007  0.0015  0.0009
5      0.0078  0.0159  0.0087  0.0010  0.0037  0.0027
10    -0.0019  0.0073  0.0003  0.0020  0.0056  0.0056
15    -0.0001  0.0116  0.0012  0.0020  0.0052  0.0047
20    -0.0065  0.0026 -0.0076 -0.0020  0.0031  0.0013
25     0.0080  0.0199  0.0098  0.0022  0.0078  0.0062
30     0.0039  0.0150  0.0049  0.0027  0.0073  0.0055
40     0.0222  0.0288  0.0181  0.0068  0.0119  0.0119
60    -0.0119 -0.0044 -0.0154 -0.0082 -0.0036 -0.0041
  主信号 SIG_RESID 的路径（锚点=ENTRY；mean_ic / T20-B20）:
      mean_ic                    tb20                
entry     E20     E25     E30     E20     E25     E30
k                                                    
1      0.0169 -0.0003  0.0107  0.0013 -0.0008 -0.0000
2      0.0321 -0.0003  0.0155  0.0030 -0.0008  0.0003
3      0.0375 -0.0061  0.0232  0.0039 -0.0004  0.0016
5      0.0165  0.0001  0.0251  0.0025  0.0002  0.0024
10     0.0226  0.0141  0.0217  0.0048  0.0021  0.0052
15     0.0324  0.0152 -0.0016  0.0054  0.0040 -0.0002
20     0.0344 -0.0020 -0.0121  0.0081  0.0001 -0.0037
25     0.0159 -0.0112 -0.0176  0.0047 -0.0042 -0.0070
30     0.0061 -0.0193 -0.0313  0.0017 -0.0083 -0.0132
40    -0.0187 -0.0334 -0.0304 -0.0089 -0.0123 -0.0157
60    -0.0191 -0.0344 -0.0385 -0.0068 -0.0134 -0.0167
  已存 out/h_earn_post_path.csv  594 行
==============================================================================
DONE