ts_code,trade_date,open,high,low,close,pre_close,change,pct_chg,vol,amount
002712.SZ,20250102,5.14,5.22,5.02,5.11,5.1,0.01,0.1961,200923.8,103163.622
002712.SZ,20250103,5.18,5.2,4.74,4.8,5.11,-0.31,-6.0665,267589.6,130817.473
002712.SZ,20250106,4.76,4.78,4.51,4.65,4.8,-0.15,-3.125,193379.1,89927.775
002712.SZ,20250107,4.68,4.87,4.67,4.86,4.65,0.21,4.5161,186320.9,88854.14
002712.SZ,20250108,4.92,4.97,4.72,4.93,4.86,0.07,1.4403,219148.27,106333.821
002712.SZ,20250109,4.9,5.2,4.87,5.09,4.93,0.16,3.2454,307622.5,156708.042
002712.SZ,20250110,5.04,5.11,4.8,4.81,5.09,-0.28,-5.501,196251.96,97393.148
002712.SZ,20250113,4.79,4.84,4.6,4.82,4.81,0.01,0.2079,173004.0,82126.056
002712.SZ,20250114,5.01,5.19,4.9,5.18,4.82,0.36,7.4689,268552.58,136234.199
002712.SZ,20250115,5.33,5.7,5.26,5.7,5.18,0.52,10.0386,339607.0,186627.986
002712.SZ,20250116,5.9,6.27,5.72,6.27,5.7,0.57,10.0,1401378.28,850802.854
002712.SZ,20250117,6.21,6.38,5.64,5.64,6.27,-0.63,-10.0478,1110709.91,657253.233
002712.SZ,20250120,5.61,5.88,5.31,5.59,5.64,-0.05,-0.8865,830368.3,461197.458
002712.SZ,20250121,5.65,5.69,5.3,5.39,5.59,-0.2,-3.5778,524869.53,284130.371
002712.SZ,20250122,5.28,5.36,5.17,5.27,5.39,-0.12,-2.2263,271939.9,143051.354
002712.SZ,20250123,5.33,5.5,5.32,5.36,5.27,0.09,1.7078,396600.74,213990.761
002712.SZ,20250124,5.32,5.54,5.28,5.52,5.36,0.16,2.9851,418178.58,227446.503
002712.SZ,20250127,5.65,5.74,5.44,5.49,5.52,-0.03,-0.5435,338048.97,188356.274
002712.SZ,20250205,5.61,5.7,5.56,5.68,5.49,0.19,3.4608,352045.9,199028.59
002712.SZ,20250206,5.65,5.78,5.54,5.74,5.68,0.06,1.0563,372888.63,211242.724
002712.SZ,20250207,5.7,5.85,5.63,5.75,5.74,0.01,0.1742,395382.19,227596.846
002712.SZ,20250210,5.77,6.01,5.76,6.0,5.75,0.25,4.3478,377087.23,221955.704
002712.SZ,20250211,5.96,6.44,5.86,6.23,6.0,0.23,3.8333,690377.63,422434.075
002712.SZ,20250212,6.17,6.17,6.0,6.13,6.23,-0.1,-1.6051,511654.64,311966.387
002712.SZ,20250213,6.32,6.69,6.17,6.3,6.13,0.17,2.7732,711822.34,452242.551
002712.SZ,20250214,6.3,6.33,6.04,6.28,6.3,-0.02,-0.3175,527543.11,325982.772
002712.SZ,20250217,6.37,6.56,6.21,6.41,6.28,0.13,2.0701,505674.65,323760.948
002712.SZ,20250218,6.33,6.41,6.05,6.08,6.41,-0.33,-5.1482,405159.51,251045.864
002712.SZ,20250219,6.14,6.15,6.0,6.14,6.08,0.06,0.9868,332387.24,202381.572
002712.SZ,20250220,6.15,6.25,6.06,6.11,6.14,-0.03,-0.4886,209549.61,128570.549
002712.SZ,20250221,6.08,6.18,5.97,6.11,6.11,0.0,0.0,263025.3,159857.892
002712.SZ,20250224,6.08,6.2,6.03,6.12,6.11,0.01,0.1637,213949.7,130532.508
002712.SZ,20250225,6.03,6.11,5.9,6.01,6.12,-0.11,-1.7974,218091.3,131155.813
002712.SZ,20250226,6.09,6.11,5.95,6.03,6.01,0.02,0.3328,188647.45,113604.67
002712.SZ,20250227,6.02,6.11,5.88,5.95,6.03,-0.08,-1.3267,240711.64,144366.485
002712.SZ,20250228,5.95,5.95,5.54,5.55,5.95,-0.4,-6.7227,251936.96,143745.432
002712.SZ,20250303,5.63,5.69,5.49,5.57,5.55,0.02,0.3604,166309.8,93174.269
002712.SZ,20250304,5.51,5.62,5.48,5.61,5.57,0.04,0.7181,128310.86,71610.785
002712.SZ,20250305,5.6,5.71,5.47,5.68,5.61,0.07,1.2478,199493.0,111119.838
002712.SZ,20250306,5.7,6.06,5.7,6.04,5.68,0.36,6.338,359108.5,213001.021
002712.SZ,20250307,6.02,6.13,5.84,5.88,6.04,-0.16,-2.649,211115.7,126403.415
002712.SZ,20250310,5.89,5.94,5.8,5.89,5.88,0.01,0.1701,144106.6,84345.557
002712.SZ,20250311,5.8,6.13,5.77,6.11,5.89,0.22,3.7351,302360.14,182384.188
002712.SZ,20250312,6.15,6.25,6.11,6.13,6.11,0.02,0.3273,259254.14,160261.624
002712.SZ,20250313,6.1,6.11,5.85,5.94,6.13,-0.19,-3.0995,189248.16,112508.14
002712.SZ,20250314,5.92,6.07,5.85,6.06,5.94,0.12,2.0202,173795.77,104169.75
002712.SZ,20250317,6.05,6.11,5.99,6.0,6.06,-0.06,-0.9901,129381.83,77946.36
002712.SZ,20250318,6.02,6.06,5.95,5.99,6.0,-0.01,-0.1667,100046.52,59982.668
002712.SZ,20250319,5.98,5.99,5.86,5.88,5.99,-0.11,-1.8364,101598.5,59909.861
002712.SZ,20250320,5.88,5.97,5.84,5.87,5.88,-0.01,-0.1701,108752.5,64221.521
002712.SZ,20250321,5.86,5.87,5.73,5.75,5.87,-0.12,-2.0443,109848.0,63580.02
002712.SZ,20250324,5.75,5.77,5.43,5.54,5.75,-0.21,-3.6522,200576.8,111667.054
002712.SZ,20250325,5.55,5.58,5.35,5.42,5.54,-0.12,-2.1661,132786.5,72291.322
002712.SZ,20250326,5.42,5.55,5.39,5.52,5.42,0.1,1.845,107169.0,59021.611
002712.SZ,20250327,5.5,5.57,5.39,5.51,5.52,-0.01,-0.1812,100838.7,55485.211
002712.SZ,20250328,5.51,5.57,5.39,5.47,5.51,-0.04,-0.726,127759.82,70098.761
002712.SZ,20250331,5.46,5.66,5.23,5.66,5.47,0.19,3.4735,234549.23,126838.39
002712.SZ,20250401,5.55,5.58,5.35,5.36,5.66,-0.3,-5.3004,264459.25,143670.099
002712.SZ,20250402,5.33,5.5,5.29,5.35,5.36,-0.01,-0.1866,140640.73,75802.989
002712.SZ,20250403,5.26,5.45,5.26,5.36,5.35,0.01,0.1869,121070.0,65041.938
002712.SZ,20250407,5.05,5.05,4.82,4.82,5.36,-0.54,-10.0746,142650.0,69553.568
002712.SZ,20250408,4.63,4.82,4.46,4.62,4.82,-0.2,-4.1494,209754.45,97134.258
002712.SZ,20250409,4.52,4.87,4.2,4.83,4.62,0.21,4.5455,223204.5,102055.061
002712.SZ,20250410,4.88,5.05,4.88,5.0,4.83,0.17,3.5197,154570.75,77202.842
002712.SZ,20250411,4.98,5.02,4.92,4.96,5.0,-0.04,-0.8,109209.5,54380.735
002712.SZ,20250414,4.99,5.14,4.98,5.05,4.96,0.09,1.8145,107961.0,54738.283
002712.SZ,20250415,5.25,5.56,5.16,5.56,5.05,0.51,10.099,198626.3,108564.842
002712.SZ,20250416,5.6,5.93,5.2,5.23,5.56,-0.33,-5.9353,527992.57,288639.252
002712.SZ,20250417,5.16,5.26,5.07,5.12,5.23,-0.11,-2.1033,284663.7,146335.763
002712.SZ,20250418,5.1,5.14,5.01,5.05,5.12,-0.07,-1.3672,182285.6,92285.391
002712.SZ,20250421,5.1,5.3,5.05,5.3,5.05,0.25,4.9505,231309.1,120664.893
002712.SZ,20250422,5.26,5.34,5.22,5.25,5.3,-0.05,-0.9434,149879.01,78815.908
002712.SZ,20250423,5.3,5.34,5.22,5.26,5.25,0.01,0.1905,131103.7,69177.45
002712.SZ,20250424,5.28,5.28,5.1,5.15,5.26,-0.11,-2.0913,140436.17,72562.227
002712.SZ,20250425,5.15,5.26,5.13,5.21,5.15,0.06,1.165,108441.7,56434.951
002712.SZ,20250428,5.21,5.25,5.11,5.15,5.21,-0.06,-1.1516,99067.3,51176.0
002712.SZ,20250429,5.17,5.27,5.1,5.25,5.15,0.1,1.9417,107779.0,56438.041
002712.SZ,20250430,5.25,5.38,5.25,5.33,5.25,0.08,1.5238,106284.4,56723.399
002712.SZ,20250506,5.39,5.45,5.32,5.44,5.33,0.11,2.0638,122556.9,66110.328
002712.SZ,20250507,5.47,5.52,5.34,5.42,5.44,-0.02,-0.3676,131172.7,71022.066
002712.SZ,20250508,5.42,5.62,5.36,5.53,5.42,0.11,2.0295,156979.3,86714.63
002712.SZ,20250509,5.57,5.6,5.44,5.46,5.53,-0.07,-1.2658,104892.0,57431.328
002712.SZ,20250512,5.5,5.53,5.4,5.47,5.46,0.01,0.1832,95734.8,52256.231
002712.SZ,20250513,5.51,5.57,5.43,5.45,5.47,-0.02,-0.3656,83740.6,45962.523
002712.SZ,20250514,5.43,5.5,5.38,5.44,5.45,-0.01,-0.1835,78247.7,42414.804
002712.SZ,20250515,5.44,5.44,5.33,5.36,5.44,-0.08,-1.4706,96895.0,52062.002
002712.SZ,20250516,5.35,5.4,5.31,5.37,5.36,0.01,0.1866,78340.7,42027.092
002712.SZ,20250519,5.38,5.55,5.36,5.53,5.37,0.16,2.9795,122695.05,67159.656
002712.SZ,20250520,5.58,5.76,5.54,5.73,5.53,0.2,3.6166,199224.4,113010.02
002712.SZ,20250521,5.7,5.73,5.59,5.63,5.73,-0.1,-1.7452,116775.5,65758.455
002712.SZ,20250522,5.63,5.67,5.49,5.55,5.63,-0.08,-1.421,89437.1,49858.906
002712.SZ,20250523,5.55,5.61,5.4,5.41,5.55,-0.14,-2.5225,113435.0,62456.061
002712.SZ,20250526,5.41,5.57,5.41,5.55,5.41,0.14,2.5878,105676.1,58308.732
002712.SZ,20250527,5.57,5.6,5.47,5.55,5.55,0.0,0.0,80239.8,44476.528
002712.SZ,20250528,5.54,5.57,5.4,5.45,5.55,-0.1,-1.8018,76286.56,41667.83
002712.SZ,20250529,5.47,5.61,5.42,5.6,5.45,0.15,2.7523,112883.35,62736.333
002712.SZ,20250530,5.56,5.7,5.45,5.48,5.6,-0.12,-2.1429,100881.7,55918.571
002712.SZ,20250603,5.43,5.85,5.43,5.6,5.48,0.12,2.1898,195775.7,110236.286
002712.SZ,20250604,5.61,5.7,5.53,5.58,5.6,-0.02,-0.3571,182370.0,102198.247
002712.SZ,20250605,5.58,5.65,5.54,5.61,5.58,0.03,0.5376,151821.76,85018.564
002712.SZ,20250606,5.67,5.69,5.53,5.58,5.61,-0.03,-0.5348,114345.0,63657.399
002712.SZ,20250609,5.58,5.78,5.56,5.78,5.58,0.2,3.5842,204171.39,116610.45
002712.SZ,20250610,5.82,5.86,5.62,5.77,5.78,-0.01,-0.173,217197.1,124833.392
002712.SZ,20250611,5.76,6.08,5.75,5.95,5.77,0.18,3.1196,405528.81,241209.491
002712.SZ,20250612,5.91,6.0,5.88,5.99,5.95,0.04,0.6723,348109.51,207383.913
002712.SZ,20250613,6.03,6.13,5.83,5.88,5.99,-0.11,-1.8364,395083.35,235901.008
002712.SZ,20250616,5.83,6.07,5.75,5.99,5.88,0.11,1.8707,347743.26,206434.045
002712.SZ,20250617,5.97,5.99,5.82,5.85,5.99,-0.14,-2.3372,209573.0,123424.087
002712.SZ,20250618,5.89,5.89,5.69,5.76,5.85,-0.09,-1.5385,155268.5,89252.848
002712.SZ,20250619,5.78,5.91,5.6,5.87,5.76,0.11,1.9097,280363.5,162009.068
002712.SZ,20250620,5.82,5.9,5.45,5.5,5.87,-0.37,-6.3032,335798.69,187146.583
002712.SZ,20250623,5.42,5.6,5.4,5.59,5.5,0.09,1.6364,162814.1,89805.475
002712.SZ,20250624,5.65,5.75,5.6,5.68,5.59,0.09,1.61,150056.0,85294.751
002712.SZ,20250625,5.68,5.71,5.58,5.7,5.68,0.02,0.3521,156721.84,88525.753
002712.SZ,20250626,5.73,5.81,5.61,5.78,5.7,0.08,1.4035,173308.8,99567.742
002712.SZ,20250627,5.78,5.82,5.71,5.74,5.78,-0.04,-0.692,101635.5,58461.496
002712.SZ,20250630,5.75,6.0,5.75,5.87,5.74,0.13,2.2648,193970.3,114163.683
002712.SZ,20250701,5.89,5.91,5.72,5.8,5.87,-0.07,-1.1925,131032.05,76014.912
002712.SZ,20250702,5.78,5.88,5.74,5.81,5.8,0.01,0.1724,124291.29,72135.032
002712.SZ,20250703,5.79,6.0,5.78,5.84,5.81,0.03,0.5164,206459.0,121390.2
002712.SZ,20250704,5.84,5.84,5.69,5.74,5.84,-0.1,-1.7123,153262.75,88195.479
002712.SZ,20250707,5.69,5.86,5.69,5.82,5.74,0.08,1.3937,132304.8,76937.814
002712.SZ,20250708,5.81,5.91,5.8,5.89,5.82,0.07,1.2027,125166.0,73513.354
002712.SZ,20250709,5.86,6.0,5.86,5.91,5.89,0.02,0.3396,166755.7,98896.004
002712.SZ,20250710,5.91,6.0,5.87,5.92,5.91,0.01,0.1692,165334.0,98024.587
002712.SZ,20250711,5.92,5.99,5.81,5.93,5.92,0.01,0.1689,149756.1,88198.716
002712.SZ,20250714,5.94,5.94,5.8,5.84,5.93,-0.09,-1.5177,131651.1,76818.255
002712.SZ,20250715,5.79,5.84,5.62,5.72,5.84,-0.12,-2.0548,146111.8,83045.954
002712.SZ,20250716,5.71,5.85,5.69,5.77,5.72,0.05,0.8741,142274.8,82424.217
002712.SZ,20250717,5.77,5.84,5.73,5.82,5.77,0.05,0.8666,113812.9,66055.091
002712.SZ,20250718,5.83,5.93,5.79,5.81,5.82,-0.01,-0.1718,128880.7,75258.934
002712.SZ,20250721,5.8,5.88,5.8,5.85,5.81,0.04,0.6885,108943.05,63643.908
002712.SZ,20250722,5.82,5.88,5.74,5.77,5.85,-0.08,-1.3675,124506.0,72086.461
002712.SZ,20250723,5.75,5.87,5.74,5.77,5.77,0.0,0.0,141539.5,81986.07
002712.SZ,20250724,5.76,5.83,5.74,5.83,5.77,0.06,1.0399,122838.45,71381.188
002712.SZ,20250725,5.86,6.02,5.8,5.98,5.83,0.15,2.5729,238088.01,141080.794
002712.SZ,20250728,5.97,6.09,5.92,6.09,5.98,0.11,1.8395,213328.4,128102.892
002712.SZ,20250729,6.06,6.33,5.92,6.04,6.09,-0.05,-0.821,473127.26,286460.731
002712.SZ,20250730,6.05,6.11,5.93,6.06,6.04,0.02,0.3311,276526.11,166469.663
002712.SZ,20250731,6.12,6.21,6.04,6.09,6.06,0.03,0.495,332769.65,204005.98
002712.SZ,20250801,6.07,6.19,6.02,6.18,6.09,0.09,1.4778,265871.2,162548.335
002712.SZ,20250804,6.14,6.15,6.0,6.05,6.18,-0.13,-2.1036,184260.92,111342.969
002712.SZ,20250805,6.06,6.12,6.01,6.06,6.05,0.01,0.1653,174240.32,105557.094
002712.SZ,20250806,6.03,6.12,6.02,6.12,6.06,0.06,0.9901,170763.1,103845.376
002712.SZ,20250807,6.1,6.15,6.04,6.05,6.12,-0.07,-1.1438,122461.95,74420.652
002712.SZ,20250808,6.04,6.05,5.91,5.97,6.05,-0.08,-1.3223,116221.1,69391.347
002712.SZ,20250811,5.98,6.06,5.95,6.03,5.97,0.06,1.005,95689.8,57561.66
002712.SZ,20250812,6.03,6.05,5.92,5.98,6.03,-0.05,-0.8292,111776.52,66666.608
002712.SZ,20250813,6.01,6.05,5.95,5.97,5.98,-0.01,-0.1672,143752.16,86050.366
002712.SZ,20250814,5.98,5.98,5.78,5.79,5.97,-0.18,-3.0151,154237.52,90337.152
002712.SZ,20250815,5.8,5.83,5.75,5.79,5.79,0.0,0.0,131474.0,76086.504
002712.SZ,20250818,5.82,6.04,5.8,5.9,5.79,0.11,1.8998,233303.1,138909.548
002712.SZ,20250819,5.94,6.02,5.83,5.98,5.9,0.08,1.3559,206417.0,122809.617
002712.SZ,20250820,5.96,6.08,5.89,6.0,5.98,0.02,0.3344,188990.12,112731.089
002712.SZ,20250821,6.0,6.03,5.92,5.96,6.0,-0.04,-0.6667,135065.5,80557.258
002712.SZ,20250822,5.94,5.98,5.9,5.96,5.96,0.0,0.0,121633.91,72113.012
002712.SZ,20250825,6.01,6.01,5.89,5.99,5.96,0.03,0.5034,163557.0,97444.899
002712.SZ,20250826,5.96,6.22,5.93,6.13,5.99,0.14,2.3372,255548.4,155986.553
002712.SZ,20250827,6.15,6.19,5.87,5.88,6.13,-0.25,-4.0783,204712.8,123286.742
002712.SZ,20250828,5.88,5.96,5.56,5.79,5.88,-0.09,-1.5306,245446.32,141125.382
002712.SZ,20250829,5.75,5.78,5.64,5.65,5.79,-0.14,-2.418,154535.21,87959.794
002712.SZ,20250901,5.65,5.85,5.65,5.79,5.65,0.14,2.4779,139883.81,80591.244
002712.SZ,20250902,5.78,5.78,5.56,5.61,5.79,-0.18,-3.1088,165363.8,93028.29
002712.SZ,20250903,5.6,5.71,5.46,5.49,5.61,-0.12,-2.139,152457.11,84853.007
002712.SZ,20250904,5.52,5.65,5.45,5.53,5.49,0.04,0.7286,167753.7,93325.197
002712.SZ,20250905,5.62,5.82,5.49,5.81,5.53,0.28,5.0633,243403.1,138856.46
002712.SZ,20250908,5.83,5.91,5.79,5.84,5.81,0.03,0.5164,161742.3,94647.493
002712.SZ,20250909,5.83,5.95,5.76,5.8,5.84,-0.04,-0.6849,133295.8,77805.594
002712.SZ,20250910,5.85,5.96,5.83,5.93,5.8,0.13,2.2414,174658.47,103324.276
002712.SZ,20250911,5.9,5.93,5.75,5.93,5.93,0.0,0.0,145865.21,85352.004
002712.SZ,20250912,5.93,5.97,5.89,5.95,5.93,0.02,0.3373,120396.74,71394.673
002712.SZ,20250915,5.91,5.94,5.82,5.93,5.95,-0.02,-0.3361,107056.06,63024.526
002712.SZ,20250916,5.96,6.01,5.9,6.0,5.93,0.07,1.1804,127800.12,76359.383
002712.SZ,20250917,5.99,6.02,5.88,5.9,6.0,-0.1,-1.6667,112653.92,66628.945
002712.SZ,20250918,5.88,5.92,5.69,5.76,5.9,-0.14,-2.3729,160063.0,93035.146
002712.SZ,20250919,5.76,5.79,5.64,5.75,5.76,-0.01,-0.1736,115701.5,66184.043
002712.SZ,20250922,5.73,5.74,5.61,5.69,5.75,-0.06,-1.0435,97299.7,55230.96
002712.SZ,20250923,5.69,5.74,5.34,5.46,5.69,-0.23,-4.0422,177470.7,96787.662
002712.SZ,20250924,5.43,5.6,5.37,5.57,5.46,0.11,2.0147,135175.83,74897.802
002712.SZ,20250925,5.57,5.67,5.5,5.5,5.57,-0.07,-1.2567,106838.02,59561.891
002712.SZ,20250926,5.5,5.54,5.41,5.46,5.5,-0.04,-0.7273,83490.11,45740.122
002712.SZ,20250929,5.5,5.55,5.36,5.52,5.46,0.06,1.0989,98059.9,53740.528
002712.SZ,20250930,5.56,5.59,5.46,5.47,5.52,-0.05,-0.9058,75995.42,41807.946
002712.SZ,20251009,5.49,5.49,5.32,5.38,5.47,-0.09,-1.6453,117979.5,63404.211
002712.SZ,20251010,5.39,5.43,5.34,5.4,5.38,0.02,0.3717,105443.0,56804.86
002712.SZ,20251013,5.19,5.31,5.06,5.29,5.4,-0.11,-2.037,130396.45,68326.331
002712.SZ,20251014,5.34,5.41,5.26,5.28,5.29,-0.01,-0.189,117271.78,62531.513
002712.SZ,20251015,5.3,5.35,5.24,5.35,5.28,0.07,1.3258,80494.6,42782.231
002712.SZ,20251016,5.35,5.36,5.25,5.27,5.35,-0.08,-1.4953,58771.0,31091.404
002712.SZ,20251017,5.26,5.33,5.19,5.2,5.27,-0.07,-1.3283,75852.0,39846.281
002712.SZ,20251020,5.25,5.33,5.23,5.32,5.2,0.12,2.3077,79266.45,41941.178
002712.SZ,20251021,5.33,5.46,5.3,5.45,5.32,0.13,2.4436,108594.5,58693.342
002712.SZ,20251022,5.45,5.56,5.43,5.49,5.45,0.04,0.7339,88696.5,48845.083
002712.SZ,20251023,5.46,5.65,5.43,5.6,5.49,0.11,2.0036,131181.0,72800.822
002712.SZ,20251024,5.56,5.65,5.52,5.54,5.6,-0.06,-1.0714,115144.1,64136.036
002712.SZ,20251027,5.58,5.64,5.45,5.51,5.54,-0.03,-0.5415,105178.6,57876.708
002712.SZ,20251028,5.51,5.58,5.48,5.55,5.51,0.04,0.726,79709.6,44188.725
002712.SZ,20251029,5.52,5.56,5.39,5.45,5.55,-0.1,-1.8018,99571.6,54187.935
002712.SZ,20251030,5.47,5.5,5.39,5.4,5.45,-0.05,-0.9174,77627.1,42161.218
002712.SZ,20251031,5.41,5.62,5.4,5.59,5.4,0.19,3.5185,149997.7,83496.006
002712.SZ,20251103,5.58,5.74,5.58,5.73,5.59,0.14,2.5045,139495.4,79417.311
002712.SZ,20251104,5.69,5.8,5.66,5.79,5.73,0.06,1.0471,160517.0,92354.166
002712.SZ,20251105,5.76,5.85,5.71,5.8,5.79,0.01,0.1727,125668.0,72872.873
002712.SZ,20251106,5.79,5.79,5.68,5.76,5.8,-0.04,-0.6897,127239.0,73035.164
002712.SZ,20251107,5.78,5.82,5.7,5.73,5.76,-0.03,-0.5208,96120.05,55239.451
002712.SZ,20251110,5.71,5.82,5.71,5.77,5.73,0.04,0.6981,95088.85,54995.952
002712.SZ,20251111,5.77,5.85,5.73,5.81,5.77,0.04,0.6932,90077.05,52189.932
002712.SZ,20251112,5.78,5.85,5.75,5.78,5.81,-0.03,-0.5164,120230.0,69659.468
002712.SZ,20251113,5.77,5.83,5.73,5.82,5.78,0.04,0.692,92857.0,53738.194
002712.SZ,20251114,5.82,5.92,5.8,5.84,5.82,0.02,0.3436,113562.0,66734.548
002712.SZ,20251117,5.84,5.96,5.8,5.96,5.84,0.12,2.0548,119777.31,70788.126
002712.SZ,20251118,5.94,6.11,5.92,6.08,5.96,0.12,2.0134,227619.5,137318.495
002712.SZ,20251119,6.04,6.09,5.91,5.92,6.08,-0.16,-2.6316,205762.0,122696.939
002712.SZ,20251120,5.93,6.02,5.85,5.94,5.92,0.02,0.3378,147438.45,87523.769
002712.SZ,20251121,5.88,6.05,5.77,5.89,5.94,-0.05,-0.8418,242242.5,142924.424
002712.SZ,20251124,5.91,6.48,5.84,6.43,5.89,0.54,9.1681,967298.64,610928.707
002712.SZ,20251125,6.23,6.52,6.23,6.38,6.43,-0.05,-0.7776,1040067.44,664546.515
002712.SZ,20251126,6.36,6.6,6.27,6.38,6.38,0.0,0.0,540867.47,345608.878
002712.SZ,20251127,6.43,6.49,6.23,6.27,6.38,-0.11,-1.7241,375876.48,237194.948
002712.SZ,20251128,6.21,6.38,6.15,6.21,6.27,-0.06,-0.9569,326323.1,203056.844
002712.SZ,20251201,6.24,6.27,6.07,6.12,6.21,-0.09,-1.4493,294405.1,180605.028
002712.SZ,20251202,6.08,6.7,6.02,6.25,6.12,0.13,2.1242,541971.0,340744.98
002712.SZ,20251203,6.35,6.5,6.09,6.19,6.25,-0.06,-0.96,523595.07,327420.84
002712.SZ,20251204,6.15,6.39,5.99,5.99,6.19,-0.2,-3.231,383548.15,235199.482
002712.SZ,20251205,6.01,6.05,5.83,5.87,5.99,-0.12,-2.0033,316796.7,187270.061
002712.SZ,20251208,5.88,6.32,5.88,6.08,5.87,0.21,3.5775,393342.3,239604.074
002712.SZ,20251209,6.09,6.22,6.04,6.06,6.08,-0.02,-0.3289,236233.8,144400.478
002712.SZ,20251210,6.07,6.11,5.95,5.98,6.06,-0.08,-1.3201,203104.2,122111.907
002712.SZ,20251211,5.98,5.99,5.6,5.62,5.98,-0.36,-6.0201,280836.2,161676.127
002712.SZ,20251212,5.58,5.63,5.48,5.5,5.62,-0.12,-2.1352,247401.01,137183.292
002712.SZ,20251215,5.48,5.5,5.3,5.47,5.5,-0.03,-0.5455,159328.5,86301.011
002712.SZ,20251216,5.42,5.42,5.24,5.26,5.47,-0.21,-3.8391,199929.0,106256.394
002712.SZ,20251217,5.22,5.28,5.09,5.23,5.26,-0.03,-0.5703,194686.0,100853.479
002712.SZ,20251218,5.2,5.45,5.2,5.33,5.23,0.1,1.912,217530.2,116540.739
002712.SZ,20251219,5.36,5.45,5.25,5.39,5.33,0.06,1.1257,212769.5,114139.141
002712.SZ,20251222,5.39,5.39,5.31,5.34,5.39,-0.05,-0.9276,165349.1,88403.779
002712.SZ,20251223,5.33,5.34,5.21,5.26,5.34,-0.08,-1.4981,157075.7,82529.626
002712.SZ,20251224,5.26,5.32,5.22,5.3,5.26,0.04,0.7605,100785.4,53231.931
002712.SZ,20251225,5.29,5.33,5.25,5.29,5.3,-0.01,-0.1887,105905.71,55998.197
002712.SZ,20251226,5.29,5.34,5.25,5.3,5.29,0.01,0.189,133516.6,70695.975
002712.SZ,20251229,5.31,5.37,5.28,5.31,5.3,0.01,0.1887,130517.28,69406.181
002712.SZ,20251230,5.31,5.43,5.28,5.33,5.31,0.02,0.3766,190773.28,102287.106
002712.SZ,20251231,5.37,5.66,5.32,5.56,5.33,0.23,4.3152,298113.7,163696.857
002712.SZ,20260105,5.51,5.72,5.47,5.69,5.56,0.13,2.3381,262070.16,147264.447
002712.SZ,20260106,5.66,5.92,5.62,5.82,5.69,0.13,2.2847,282976.4,164710.738
002712.SZ,20260107,5.82,6.05,5.78,5.94,5.82,0.12,2.0619,306691.8,180678.534
002712.SZ,20260108,5.88,6.04,5.85,6.01,5.94,0.07,1.1785,268810.05,160481.775
002712.SZ,20260109,6.01,6.55,5.98,6.5,6.01,0.49,8.1531,631284.8,399942.574
002712.SZ,20260112,6.61,7.15,6.58,7.15,6.5,0.65,10.0,415545.91,287494.728
002712.SZ,20260113,7.26,7.52,6.94,7.06,7.15,-0.09,-1.2587,1161718.22,829279.085
002712.SZ,20260114,6.89,7.77,6.86,7.21,7.06,0.15,2.1246,1119204.93,814792.456
002712.SZ,20260115,7.01,7.06,6.69,6.77,7.21,-0.44,-6.1026,703231.0,481445.93
002712.SZ,20260116,6.77,6.87,6.18,6.26,6.77,-0.51,-7.5332,526030.4,334614.615
002712.SZ,20260119,6.26,6.43,6.22,6.24,6.26,-0.02,-0.3195,349773.94,220118.691
002712.SZ,20260120,6.4,6.74,6.26,6.32,6.24,0.08,1.2821,384385.9,245221.065
002712.SZ,20260121,6.26,6.5,6.2,6.35,6.32,0.03,0.4747,298387.55,189953.869
002712.SZ,20260122,6.33,6.54,6.26,6.42,6.35,0.07,1.1024,257612.5,165449.842
002712.SZ,20260123,6.49,6.61,6.4,6.55,6.42,0.13,2.0249,237206.95,154619.421
002712.SZ,20260126,6.66,6.76,6.35,6.49,6.55,-0.06,-0.916,292996.8,190210.673
002712.SZ,20260127,6.6,6.69,6.29,6.43,6.49,-0.06,-0.9245,308073.3,197855.015
002712.SZ,20260128,6.43,6.58,6.29,6.33,6.43,-0.1,-1.5552,240281.3,154013.735
002712.SZ,20260129,6.25,6.75,6.21,6.59,6.33,0.26,4.1074,475135.01,312954.528
002712.SZ,20260130,6.56,6.75,6.43,6.63,6.59,0.04,0.607,364377.0,241163.329
002712.SZ,20260202,6.62,6.74,6.49,6.49,6.63,-0.14,-2.1116,325490.5,215263.092
002712.SZ,20260203,6.58,6.71,6.54,6.7,6.49,0.21,3.2357,273284.0,181315.285
002712.SZ,20260204,6.61,6.65,6.35,6.44,6.7,-0.26,-3.8806,306348.2,197669.654
002712.SZ,20260205,6.33,6.62,6.33,6.5,6.44,0.06,0.9317,269338.0,175908.909
002712.SZ,20260206,6.38,6.5,6.23,6.4,6.5,-0.1,-1.5385,258614.9,165258.007
002712.SZ,20260209,6.56,6.73,6.54,6.7,6.4,0.3,4.6875,334986.5,222464.807
002712.SZ,20260210,6.83,7.11,6.65,7.03,6.7,0.33,4.9254,619979.5,431043.444
002712.SZ,20260211,7.03,7.09,6.76,6.78,7.03,-0.25,-3.5562,466937.96,320864.799
002712.SZ,20260212,6.77,6.78,6.49,6.62,6.78,-0.16,-2.3599,315432.2,207679.774
002712.SZ,20260213,6.66,6.67,6.46,6.47,6.62,-0.15,-2.2659,260578.4,170806.819
002712.SZ,20260224,6.5,6.54,6.09,6.12,6.47,-0.35,-5.4096,347103.5,213837.879
002712.SZ,20260225,6.1,6.21,5.99,6.13,6.12,0.01,0.1634,250612.6,153854.457
002712.SZ,20260226,6.17,6.17,5.91,5.94,6.13,-0.19,-3.0995,264838.2,158837.476
002712.SZ,20260227,5.95,5.97,5.88,5.92,5.94,-0.02,-0.3367,165129.0,97733.904
002712.SZ,20260302,5.79,5.85,5.6,5.67,5.92,-0.25,-4.223,260409.6,148413.896
002712.SZ,20260303,5.72,5.73,5.38,5.4,5.67,-0.27,-4.7619,252760.0,139743.275
002712.SZ,20260304,5.34,5.47,5.32,5.41,5.4,0.01,0.1852,169620.19,91388.538
002712.SZ,20260305,5.52,5.55,5.45,5.5,5.41,0.09,1.6636,170923.0,94148.757
002712.SZ,20260306,5.46,5.61,5.44,5.61,5.5,0.11,2.0,134492.1,74971.047
002712.SZ,20260309,5.52,5.63,5.48,5.61,5.61,0.0,0.0,141445.7,78537.318
002712.SZ,20260310,5.66,5.78,5.63,5.69,5.61,0.08,1.426,126915.4,72354.584
002712.SZ,20260311,5.68,5.72,5.57,5.61,5.69,-0.08,-1.406,109315.9,61512.048
002712.SZ,20260312,5.59,5.62,5.52,5.53,5.61,-0.08,-1.426,115344.0,64101.523
002712.SZ,20260313,5.5,5.57,5.45,5.47,5.53,-0.06,-1.085,112889.46,62236.689
002712.SZ,20260316,5.44,5.55,5.42,5.54,5.47,0.07,1.2797,116802.0,64288.927
002712.SZ,20260317,5.57,5.6,5.46,5.48,5.54,-0.06,-1.083,105287.0,58330.288
002712.SZ,20260318,5.52,5.55,5.45,5.54,5.48,0.06,1.0949,96064.0,52755.257
002712.SZ,20260319,5.5,5.54,5.38,5.41,5.54,-0.13,-2.3466,138301.05,75396.609
002712.SZ,20260320,5.41,5.47,5.22,5.24,5.41,-0.17,-3.1423,133718.0,71004.357
002712.SZ,20260323,5.16,5.16,4.85,4.89,5.24,-0.35,-6.6794,232032.0,116348.599
002712.SZ,20260324,5.0,5.13,4.89,5.13,4.89,0.24,4.908,178411.36,89587.812
002712.SZ,20260325,5.14,5.29,5.14,5.25,5.13,0.12,2.3392,147185.0,76924.884
002712.SZ,20260326,5.25,5.31,5.12,5.15,5.25,-0.1,-1.9048,119745.0,62121.505
002712.SZ,20260327,5.1,5.26,5.08,5.23,5.15,0.08,1.5534,104629.0,54464.784
002712.SZ,20260330,5.17,5.31,5.13,5.29,5.23,0.06,1.1472,109891.0,57488.055
002712.SZ,20260331,5.29,5.4,5.24,5.25,5.29,-0.04,-0.7561,101757.0,54178.121
002712.SZ,20260401,5.38,5.42,5.22,5.29,5.25,0.04,0.7619,112372.78,59319.721
002712.SZ,20260402,5.27,5.28,5.07,5.11,5.29,-0.18,-3.4026,129528.32,66896.223
002712.SZ,20260403,5.15,5.15,4.86,4.87,5.11,-0.24,-4.6967,127881.6,63315.879
002712.SZ,20260407,4.91,5.08,4.84,5.05,4.87,0.18,3.6961,157849.1,78849.847
002712.SZ,20260408,5.17,5.36,5.17,5.36,5.05,0.31,6.1386,171340.8,90724.695
002712.SZ,20260409,5.35,5.35,5.14,5.15,5.36,-0.21,-3.9179,146629.6,76407.564
002712.SZ,20260410,5.24,5.27,5.15,5.2,5.15,0.05,0.9709,123645.0,64573.493
002712.SZ,20260413,5.15,5.2,5.1,5.15,5.2,-0.05,-0.9615,97978.0,50388.785
002712.SZ,20260414,5.24,5.27,5.12,5.19,5.15,0.04,0.7767,99319.0,51525.139
002712.SZ,20260415,5.2,5.23,5.07,5.07,5.19,-0.12,-2.3121,100939.0,51677.061
002712.SZ,20260416,5.12,5.26,5.08,5.23,5.07,0.16,3.1558,118207.51,61273.663
002712.SZ,20260417,5.22,5.24,5.14,5.2,5.23,-0.03,-0.5736,104433.51,54181.685
002712.SZ,20260420,5.2,5.3,5.16,5.28,5.2,0.08,1.5385,100850.11,53013.846
002712.SZ,20260421,5.28,5.32,5.17,5.22,5.28,-0.06,-1.1364,104126.0,54432.817
002712.SZ,20260422,5.2,5.22,5.11,5.16,5.22,-0.06,-1.1494,100133.5,51583.072
002712.SZ,20260423,5.15,5.18,5.08,5.11,5.16,-0.05,-0.969,108473.0,55601.733
002712.SZ,20260424,5.29,5.62,5.25,5.47,5.11,0.36,7.045,530868.8,288520.24
002712.SZ,20260427,5.42,5.62,5.35,5.58,5.47,0.11,2.011,461258.09,254372.871
002712.SZ,20260428,5.51,5.67,5.51,5.53,5.58,-0.05,-0.8961,246826.7,137389.759
002712.SZ,20260429,5.51,5.68,5.5,5.61,5.53,0.08,1.4467,263213.79,148322.142
002712.SZ,20260430,5.63,5.68,5.53,5.58,5.61,-0.03,-0.5348,149103.6,83489.175
002712.SZ,20260506,5.62,5.74,5.6,5.7,5.58,0.12,2.1505,192961.0,109828.395
002712.SZ,20260507,5.68,5.84,5.65,5.82,5.7,0.12,2.1053,192456.0,110580.142
002712.SZ,20260508,5.88,5.91,5.76,5.77,5.82,-0.05,-0.8591,151879.7,88281.654
002712.SZ,20260511,5.77,5.82,5.67,5.76,5.77,-0.01,-0.1733,147669.5,84532.668
002712.SZ,20260512,5.73,5.8,5.62,5.66,5.76,-0.1,-1.7361,152577.4,86920.155
002712.SZ,20260513,5.63,5.71,5.63,5.66,5.66,0.0,0.0,120873.6,68505.993
002712.SZ,20260514,5.74,5.75,5.49,5.5,5.66,-0.16,-2.8269,138234.0,77036.315
002712.SZ,20260515,5.53,5.71,5.49,5.6,5.5,0.1,1.8182,175267.86,98402.99
002712.SZ,20260518,5.62,5.65,5.48,5.64,5.6,0.04,0.7143,156122.6,86825.281
002712.SZ,20260519,5.63,5.79,5.59,5.73,5.64,0.09,1.5957,151605.0,86709.501
002712.SZ,20260520,5.74,5.76,5.49,5.52,5.73,-0.21,-3.6649,130844.5,72855.155
002712.SZ,20260521,5.53,5.62,5.26,5.3,5.52,-0.22,-3.9855,155665.6,84980.417
002712.SZ,20260522,5.32,5.41,5.21,5.33,5.3,0.03,0.566,116769.0,61951.543
002712.SZ,20260525,5.47,5.69,5.31,5.4,5.33,0.07,1.3133,210215.1,114897.56
