ts_code,trade_date,open,high,low,close,pre_close,change,pct_chg,vol,amount
600829.SH,20250102,7.46,7.73,7.38,7.46,7.5,-0.04,-0.5333,136042.0,102586.939
600829.SH,20250103,7.46,7.58,7.23,7.35,7.46,-0.11,-1.4745,128969.5,95426.148
600829.SH,20250106,7.44,7.99,7.38,7.85,7.35,0.5,6.8027,257980.42,197257.725
600829.SH,20250107,7.76,7.77,7.08,7.42,7.85,-0.43,-5.4777,261200.0,192145.871
600829.SH,20250108,7.25,7.46,7.11,7.33,7.42,-0.09,-1.2129,166236.0,120997.913
600829.SH,20250109,7.2,7.36,7.11,7.24,7.33,-0.09,-1.2278,94877.5,68851.911
600829.SH,20250110,7.25,7.32,6.94,6.94,7.24,-0.3,-4.1436,98236.0,69629.68
600829.SH,20250113,6.88,6.94,6.66,6.92,6.94,-0.02,-0.2882,75359.0,51533.65
600829.SH,20250114,6.95,7.23,6.93,7.23,6.92,0.31,4.4798,98071.5,69738.541
600829.SH,20250115,7.22,7.24,7.12,7.19,7.23,-0.04,-0.5533,61741.0,44295.235
600829.SH,20250116,7.24,7.35,7.21,7.29,7.19,0.1,1.3908,86601.0,63029.674
600829.SH,20250117,7.26,7.31,7.18,7.27,7.29,-0.02,-0.2743,52952.0,38394.456
600829.SH,20250120,7.33,7.45,7.22,7.41,7.27,0.14,1.9257,77358.83,56967.264
600829.SH,20250121,7.4,7.43,7.22,7.26,7.41,-0.15,-2.0243,54780.0,39899.55
600829.SH,20250122,7.25,7.27,7.15,7.19,7.26,-0.07,-0.9642,45158.0,32551.991
600829.SH,20250123,7.25,7.35,7.19,7.19,7.19,0.0,0.0,61794.0,45004.231
600829.SH,20250124,7.18,7.22,7.09,7.19,7.19,0.0,0.0,55313.1,39578.1
600829.SH,20250127,7.22,7.34,7.14,7.16,7.19,-0.03,-0.4172,49354.1,35733.308
600829.SH,20250205,7.22,7.27,7.14,7.22,7.16,0.06,0.838,48675.0,35110.6
600829.SH,20250206,7.23,7.3,7.08,7.3,7.22,0.08,1.108,67473.0,48609.127
600829.SH,20250207,7.28,7.54,7.24,7.47,7.3,0.17,2.3288,101982.0,75869.033
600829.SH,20250210,7.47,7.77,7.46,7.77,7.47,0.3,4.0161,133281.22,102048.327
600829.SH,20250211,7.77,7.78,7.57,7.7,7.77,-0.07,-0.9009,95853.0,73443.553
600829.SH,20250212,7.7,7.78,7.65,7.77,7.7,0.07,0.9091,78933.22,60949.178
600829.SH,20250213,7.77,7.95,7.68,7.88,7.77,0.11,1.4157,124553.58,97587.111
600829.SH,20250214,7.87,7.96,7.75,7.79,7.88,-0.09,-1.1421,107226.25,84041.344
600829.SH,20250217,7.77,7.88,7.68,7.79,7.79,0.0,0.0,85902.0,66865.07
600829.SH,20250218,7.75,7.79,7.36,7.38,7.79,-0.41,-5.2632,118035.58,88930.115
600829.SH,20250219,7.38,7.45,7.32,7.42,7.38,0.04,0.542,67710.0,50046.584
600829.SH,20250220,7.46,8.06,7.42,7.73,7.42,0.31,4.1779,184697.0,142850.556
600829.SH,20250221,7.68,7.81,7.58,7.71,7.73,-0.02,-0.2587,96425.02,74037.027
600829.SH,20250224,7.7,7.79,7.56,7.73,7.71,0.02,0.2594,78090.0,59999.487
600829.SH,20250225,7.67,7.72,7.59,7.63,7.73,-0.1,-1.2937,78344.0,59881.029
600829.SH,20250226,7.62,7.78,7.58,7.72,7.63,0.09,1.1796,78162.0,59963.401
600829.SH,20250227,7.7,7.86,7.58,7.84,7.72,0.12,1.5544,98241.0,75858.644
600829.SH,20250228,7.81,7.85,7.58,7.61,7.84,-0.23,-2.9337,90826.0,70024.611
600829.SH,20250303,7.6,7.76,7.6,7.66,7.61,0.05,0.657,63022.0,48389.076
600829.SH,20250304,7.6,7.79,7.55,7.78,7.66,0.12,1.5666,70686.49,54615.033
600829.SH,20250305,7.79,7.81,7.58,7.71,7.78,-0.07,-0.8997,73353.12,56133.859
600829.SH,20250306,7.7,7.84,7.64,7.82,7.71,0.11,1.4267,105870.02,82204.381
600829.SH,20250307,7.77,7.79,7.62,7.65,7.82,-0.17,-2.1739,63123.1,48550.61
600829.SH,20250310,7.65,8.42,7.65,8.42,7.65,0.77,10.0654,275608.36,223706.779
600829.SH,20250311,8.46,8.9,8.43,8.63,8.42,0.21,2.4941,483959.82,415792.109
600829.SH,20250312,8.59,8.71,8.42,8.49,8.63,-0.14,-1.6222,274825.51,234090.793
600829.SH,20250313,8.5,8.55,8.26,8.3,8.49,-0.19,-2.2379,196949.08,165421.156
600829.SH,20250314,8.31,8.43,8.19,8.42,8.3,0.12,1.4458,150980.6,125734.875
600829.SH,20250317,8.38,8.47,8.34,8.35,8.42,-0.07,-0.8314,113263.01,94989.334
600829.SH,20250318,8.4,8.4,8.29,8.35,8.35,0.0,0.0,80232.02,66774.548
600829.SH,20250319,8.3,8.39,8.14,8.19,8.35,-0.16,-1.9162,101746.0,83990.453
600829.SH,20250320,8.19,8.2,8.08,8.15,8.19,-0.04,-0.4884,78731.5,64047.903
600829.SH,20250321,8.2,8.28,7.96,8.1,8.15,-0.05,-0.6135,112496.5,91115.798
600829.SH,20250324,8.08,8.17,7.77,7.92,8.1,-0.18,-2.2222,92973.01,73856.053
600829.SH,20250325,7.91,8.03,7.8,7.99,7.92,0.07,0.8838,60250.0,47789.671
600829.SH,20250326,8.02,8.12,7.94,8.12,7.99,0.13,1.627,83273.0,67156.643
600829.SH,20250327,8.12,8.28,7.95,8.2,8.12,0.08,0.9852,116860.0,95127.174
600829.SH,20250328,8.25,8.35,8.11,8.13,8.2,-0.07,-0.8537,134158.42,110477.398
600829.SH,20250331,8.12,8.12,7.7,7.8,8.13,-0.33,-4.059,98763.95,77366.047
600829.SH,20250401,7.81,8.29,7.81,8.25,7.8,0.45,5.7692,165985.35,135576.445
600829.SH,20250402,8.16,8.25,8.1,8.14,8.25,-0.11,-1.3333,75495.4,61568.386
600829.SH,20250403,8.08,8.25,8.0,8.21,8.14,0.07,0.86,69842.0,57136.328
600829.SH,20250407,7.8,7.86,7.39,7.39,8.21,-0.82,-9.9878,82294.0,61655.034
600829.SH,20250408,7.21,7.38,6.85,7.06,7.39,-0.33,-4.4655,140202.49,99191.631
600829.SH,20250409,6.9,7.17,6.4,7.09,7.06,0.03,0.4249,115582.0,78484.546
600829.SH,20250410,7.2,7.39,7.15,7.29,7.09,0.2,2.8209,92558.5,67503.532
600829.SH,20250411,7.16,7.38,7.16,7.2,7.29,-0.09,-1.2346,58975.49,42783.026
600829.SH,20250414,7.25,7.8,7.22,7.44,7.2,0.24,3.3333,137216.5,102563.746
600829.SH,20250415,7.36,7.5,7.3,7.38,7.44,-0.06,-0.8065,78490.11,57915.798
600829.SH,20250416,7.38,7.38,7.07,7.19,7.38,-0.19,-2.5745,68103.08,49048.202
600829.SH,20250417,7.16,7.4,7.11,7.3,7.19,0.11,1.5299,59354.39,43210.134
600829.SH,20250418,7.3,7.48,7.3,7.32,7.3,0.02,0.274,56960.0,41952.721
600829.SH,20250421,7.25,7.32,7.14,7.31,7.32,-0.01,-0.1366,58568.0,42409.719
600829.SH,20250422,7.27,7.36,7.25,7.33,7.31,0.02,0.2736,50158.5,36679.982
600829.SH,20250423,7.37,7.39,7.23,7.28,7.33,-0.05,-0.6821,54827.0,39990.478
600829.SH,20250424,7.27,7.31,7.14,7.2,7.28,-0.08,-1.0989,52484.01,37866.672
600829.SH,20250425,7.18,7.27,7.14,7.18,7.2,-0.02,-0.2778,37841.0,27226.882
600829.SH,20250428,7.16,7.16,7.01,7.05,7.18,-0.13,-1.8106,43141.0,30480.906
600829.SH,20250429,7.05,7.16,7.01,7.13,7.05,0.08,1.1348,35657.0,25415.468
600829.SH,20250430,7.13,7.21,7.1,7.11,7.13,-0.02,-0.2805,32748.0,23400.066
600829.SH,20250506,7.14,7.26,7.11,7.26,7.11,0.15,2.1097,40764.0,29387.363
600829.SH,20250507,7.33,7.37,7.23,7.29,7.26,0.03,0.4132,45037.0,32825.632
600829.SH,20250508,7.3,7.39,7.23,7.37,7.29,0.08,1.0974,50390.0,36999.52
600829.SH,20250509,7.39,7.43,7.29,7.3,7.37,-0.07,-0.9498,41758.01,30643.152
600829.SH,20250512,7.33,7.33,7.2,7.25,7.3,-0.05,-0.6849,51281.0,37068.114
600829.SH,20250513,7.3,7.34,7.27,7.32,7.25,0.07,0.9655,53028.0,38786.73
600829.SH,20250514,7.33,7.33,7.18,7.26,7.32,-0.06,-0.8197,49541.01,35818.658
600829.SH,20250515,7.24,7.24,7.16,7.18,7.26,-0.08,-1.1019,40467.5,29092.923
600829.SH,20250516,7.18,7.29,7.16,7.26,7.18,0.08,1.1142,48453.0,35106.421
600829.SH,20250519,7.25,7.35,7.23,7.35,7.26,0.09,1.2397,48325.2,35255.916
600829.SH,20250520,7.33,7.44,7.33,7.43,7.35,0.08,1.0884,43707.49,32380.531
600829.SH,20250521,7.44,7.73,7.41,7.46,7.43,0.03,0.4038,86934.0,65313.066
600829.SH,20250522,7.37,7.56,7.34,7.36,7.46,-0.1,-1.3405,66827.0,49671.556
600829.SH,20250523,7.35,7.55,7.34,7.4,7.36,0.04,0.5435,73433.0,54876.541
600829.SH,20250526,7.36,7.54,7.28,7.53,7.4,0.13,1.7568,73255.0,54463.882
600829.SH,20250527,7.53,7.79,7.51,7.73,7.53,0.2,2.656,121817.0,93656.59
600829.SH,20250528,7.73,7.93,7.6,7.92,7.73,0.19,2.458,131106.2,102476.371
600829.SH,20250529,7.89,8.08,7.82,8.03,7.92,0.11,1.3889,143442.02,114301.114
600829.SH,20250530,8.0,8.19,7.95,7.97,8.03,-0.06,-0.7472,134408.0,108222.589
600829.SH,20250603,7.97,8.31,7.83,8.23,7.97,0.26,3.2622,186584.0,150504.41
600829.SH,20250604,8.22,8.83,8.18,8.8,8.23,0.57,6.9259,267071.0,228975.335
600829.SH,20250605,8.71,9.01,8.56,8.88,8.8,0.08,0.9091,259298.08,229348.638
600829.SH,20250606,8.78,8.97,8.66,8.82,8.88,-0.06,-0.6757,130444.39,114454.416
600829.SH,20250609,8.81,9.7,8.32,8.41,8.82,-0.41,-4.6485,651823.11,599212.92
600829.SH,20250610,8.0,8.0,7.6,7.6,8.41,-0.81,-9.6314,559305.0,436956.738
600829.SH,20250611,7.55,7.74,7.54,7.58,7.6,-0.02,-0.2632,252135.01,191355.662
600829.SH,20250612,7.52,7.58,7.47,7.52,7.58,-0.06,-0.7916,163514.0,123054.385
600829.SH,20250613,7.5,7.53,7.33,7.35,7.52,-0.17,-2.2606,134649.0,99677.596
600829.SH,20250616,7.37,7.45,7.31,7.44,7.35,0.09,1.2245,76574.01,56655.106
600829.SH,20250617,7.42,7.49,7.34,7.35,7.44,-0.09,-1.2097,89547.48,66247.86
600829.SH,20250618,7.34,7.38,7.25,7.28,7.35,-0.07,-0.9524,78463.0,57187.719
600829.SH,20250619,7.25,7.31,7.15,7.17,7.28,-0.11,-1.511,88819.0,64119.211
600829.SH,20250620,7.17,7.22,7.14,7.18,7.17,0.01,0.1395,56533.49,40633.355
600829.SH,20250623,7.17,7.23,7.12,7.22,7.18,0.04,0.5571,63665.0,45779.495
600829.SH,20250624,7.23,7.31,7.21,7.31,7.22,0.09,1.2465,85184.0,61950.828
600829.SH,20250625,7.31,7.32,7.23,7.32,7.31,0.01,0.1368,80983.0,58996.503
600829.SH,20250626,7.3,7.32,7.25,7.28,7.32,-0.04,-0.5464,64389.0,46895.811
600829.SH,20250627,7.29,7.35,7.26,7.31,7.28,0.03,0.4121,61979.5,45321.092
600829.SH,20250630,7.31,7.35,7.29,7.34,7.31,0.03,0.4104,52907.0,38771.351
600829.SH,20250701,7.34,7.43,7.33,7.42,7.34,0.08,1.0899,88365.0,65267.21
600829.SH,20250702,7.39,7.45,7.38,7.42,7.42,0.0,0.0,75259.02,55745.341
600829.SH,20250703,7.44,7.51,7.39,7.5,7.42,0.08,1.0782,84003.01,62714.484
600829.SH,20250704,7.49,7.55,7.46,7.49,7.5,-0.01,-0.1333,79632.02,59751.014
600829.SH,20250707,7.48,7.53,7.45,7.46,7.49,-0.03,-0.4005,64416.0,48183.026
600829.SH,20250708,7.48,7.53,7.44,7.48,7.46,0.02,0.2681,68724.0,51339.523
600829.SH,20250709,7.49,7.51,7.45,7.47,7.48,-0.01,-0.1337,69181.76,51788.733
600829.SH,20250710,7.46,7.59,7.45,7.57,7.47,0.1,1.3387,87669.52,66007.208
600829.SH,20250711,7.58,7.59,7.48,7.56,7.57,-0.01,-0.1321,71022.01,53544.937
600829.SH,20250714,7.56,7.64,7.53,7.62,7.56,0.06,0.7937,68633.0,52217.513
600829.SH,20250715,7.61,7.63,7.41,7.48,7.62,-0.14,-1.8373,83022.0,62153.199
600829.SH,20250716,7.49,7.64,7.48,7.64,7.48,0.16,2.139,92453.92,70167.594
600829.SH,20250717,7.64,8.4,7.64,8.4,7.64,0.76,9.9476,168824.29,138946.705
600829.SH,20250718,9.24,9.24,9.24,9.24,8.4,0.84,10.0,83733.0,77369.292
600829.SH,20250721,10.16,10.16,8.59,10.16,9.24,0.92,9.9567,770410.05,721361.182
600829.SH,20250722,10.08,10.1,9.16,9.5,10.16,-0.66,-6.4961,712394.52,673154.028
600829.SH,20250723,9.27,9.3,8.65,8.65,9.5,-0.85,-8.9474,397435.53,356168.245
600829.SH,20250724,8.63,8.83,8.6,8.73,8.65,0.08,0.9249,235804.75,205185.071
600829.SH,20250725,8.66,8.78,8.56,8.59,8.73,-0.14,-1.6037,175040.0,151076.302
600829.SH,20250728,8.52,8.67,8.39,8.59,8.59,0.0,0.0,211324.72,179770.444
600829.SH,20250729,8.51,9.45,8.41,9.45,8.59,0.86,10.0116,477191.01,438799.193
600829.SH,20250730,9.53,9.7,8.52,8.77,9.45,-0.68,-7.1958,724449.37,651255.152
600829.SH,20250731,8.52,8.58,8.28,8.28,8.77,-0.49,-5.5872,388147.12,325760.393
600829.SH,20250801,8.28,8.41,8.08,8.3,8.28,0.02,0.2415,188788.73,156976.431
600829.SH,20250804,8.22,8.31,8.16,8.28,8.3,-0.02,-0.241,152110.75,125520.046
600829.SH,20250805,8.29,8.42,8.28,8.41,8.28,0.13,1.57,155160.0,129680.307
600829.SH,20250806,8.38,8.44,8.25,8.28,8.41,-0.13,-1.5458,135663.99,112608.947
600829.SH,20250807,8.29,8.38,8.27,8.28,8.28,0.0,0.0,113640.0,94487.517
600829.SH,20250808,8.31,8.38,8.22,8.38,8.28,0.1,1.2077,115003.44,95740.489
600829.SH,20250811,8.27,8.4,8.26,8.34,8.38,-0.04,-0.4773,101463.85,84524.911
600829.SH,20250812,8.34,8.44,8.28,8.32,8.34,-0.02,-0.2398,84998.0,70834.242
600829.SH,20250813,8.32,8.34,8.25,8.29,8.32,-0.03,-0.3606,90354.44,74849.884
600829.SH,20250814,8.28,8.3,8.1,8.1,8.29,-0.19,-2.2919,104770.0,85911.85
600829.SH,20250815,8.08,8.18,8.08,8.15,8.1,0.05,0.6173,72106.0,58665.95
600829.SH,20250818,8.18,8.28,8.16,8.22,8.15,0.07,0.8589,98967.0,81339.203
600829.SH,20250819,8.25,8.38,8.2,8.3,8.22,0.08,0.9732,124851.0,103834.876
600829.SH,20250820,8.25,8.33,8.21,8.33,8.3,0.03,0.3614,84123.76,69744.342
600829.SH,20250821,8.35,8.37,8.26,8.3,8.33,-0.03,-0.3601,90578.5,75295.05
600829.SH,20250822,8.3,8.32,8.2,8.27,8.3,-0.03,-0.3614,71181.76,58662.542
600829.SH,20250825,8.29,8.36,8.22,8.33,8.27,0.06,0.7255,95577.0,79369.579
600829.SH,20250826,8.33,8.65,8.27,8.47,8.33,0.14,1.6807,210996.0,178532.699
600829.SH,20250827,8.48,8.52,8.2,8.21,8.47,-0.26,-3.0697,151940.0,126999.876
600829.SH,20250828,8.21,8.3,7.89,8.18,8.21,-0.03,-0.3654,110588.2,89633.203
600829.SH,20250829,8.15,8.22,8.11,8.18,8.18,0.0,0.0,52275.44,42711.401
600829.SH,20250901,8.2,8.35,8.08,8.32,8.18,0.14,1.7115,85717.02,70747.016
600829.SH,20250902,8.38,8.81,8.22,8.61,8.32,0.29,3.4856,273491.02,232770.934
600829.SH,20250903,8.61,8.77,8.3,8.44,8.61,-0.17,-1.9744,191861.0,162864.435
600829.SH,20250904,8.37,8.52,8.2,8.33,8.44,-0.11,-1.3033,129692.0,108866.012
600829.SH,20250905,8.33,8.35,8.08,8.33,8.33,0.0,0.0,101979.58,83846.676
600829.SH,20250908,8.33,8.56,8.3,8.56,8.33,0.23,2.7611,149697.58,126871.847
600829.SH,20250909,8.56,8.58,8.38,8.46,8.56,-0.1,-1.1682,110846.0,93781.138
600829.SH,20250910,8.48,8.51,8.39,8.43,8.46,-0.03,-0.3546,64930.66,54840.259
600829.SH,20250911,8.38,8.45,8.21,8.45,8.43,0.02,0.2372,83748.2,69998.077
600829.SH,20250912,8.48,8.5,8.35,8.35,8.45,-0.1,-1.1834,71223.2,59824.512
600829.SH,20250915,8.32,8.34,8.23,8.26,8.35,-0.09,-1.0778,56721.0,46905.326
600829.SH,20250916,8.3,8.3,8.18,8.26,8.26,0.0,0.0,62535.0,51470.446
600829.SH,20250917,8.28,8.29,8.2,8.2,8.26,-0.06,-0.7264,63850.0,52517.243
600829.SH,20250918,8.16,8.4,8.16,8.33,8.2,0.13,1.5854,123632.2,102115.551
600829.SH,20250919,8.28,8.28,8.08,8.13,8.33,-0.2,-2.401,73717.0,60002.07
600829.SH,20250922,8.12,8.16,7.95,7.96,8.13,-0.17,-2.091,58637.0,47027.519
600829.SH,20250923,7.98,8.0,7.66,7.83,7.96,-0.13,-1.6332,63659.0,49494.085
600829.SH,20250924,7.81,7.92,7.71,7.9,7.83,0.07,0.894,35207.0,27714.994
600829.SH,20250925,7.9,8.02,7.9,7.95,7.9,0.05,0.6329,49979.0,39741.321
600829.SH,20250926,7.91,7.91,7.78,7.86,7.95,-0.09,-1.1321,37110.0,29118.727
600829.SH,20250929,7.84,7.91,7.7,7.91,7.86,0.05,0.6361,41245.98,32228.724
600829.SH,20250930,7.91,7.93,7.86,7.89,7.91,-0.02,-0.2528,23051.14,18195.478
600829.SH,20251009,7.96,7.97,7.81,7.94,7.89,0.05,0.6337,31772.26,25093.933
600829.SH,20251010,7.93,8.05,7.87,8.04,7.94,0.1,1.2594,40685.0,32578.849
600829.SH,20251013,7.82,7.94,7.74,7.92,8.04,-0.12,-1.4925,41961.1,32916.77
600829.SH,20251014,7.94,8.05,7.9,8.0,7.92,0.08,1.0101,45515.0,36351.885
600829.SH,20251015,8.01,8.1,7.94,8.08,8.0,0.08,1.0,40675.0,32822.595
600829.SH,20251016,8.1,8.15,8.05,8.1,8.08,0.02,0.2475,39187.0,31744.742
600829.SH,20251017,8.13,8.15,8.01,8.01,8.1,-0.09,-1.1111,49166.31,39732.142
600829.SH,20251020,8.09,8.23,8.05,8.22,8.01,0.21,2.6217,74311.32,60635.794
600829.SH,20251021,8.17,8.2,8.06,8.19,8.22,-0.03,-0.365,62757.66,51043.042
600829.SH,20251022,8.15,8.26,8.13,8.21,8.19,0.02,0.2442,53090.66,43612.688
600829.SH,20251023,8.22,8.28,8.12,8.24,8.21,0.03,0.3654,44617.0,36511.537
600829.SH,20251024,8.24,8.24,8.14,8.14,8.24,-0.1,-1.2136,42590.0,34791.352
600829.SH,20251027,8.17,8.23,8.09,8.18,8.14,0.04,0.4914,50166.31,41023.004
600829.SH,20251028,8.19,8.47,8.13,8.25,8.18,0.07,0.8557,97394.12,80823.734
600829.SH,20251029,8.15,8.87,8.15,8.43,8.25,0.18,2.1818,190989.25,161768.706
600829.SH,20251030,8.35,8.88,8.27,8.6,8.43,0.17,2.0166,277195.81,239148.461
600829.SH,20251031,8.49,8.8,8.49,8.65,8.6,0.05,0.5814,202749.31,175123.017
600829.SH,20251103,8.66,9.44,8.56,8.99,8.65,0.34,3.9306,337542.39,302492.802
600829.SH,20251104,8.82,9.89,8.73,9.71,8.99,0.72,8.0089,550341.39,517346.403
600829.SH,20251105,9.38,10.5,9.27,10.32,9.71,0.61,6.2822,603543.98,598179.694
600829.SH,20251106,10.0,10.19,9.29,9.29,10.32,-1.03,-9.9806,521665.98,500185.645
600829.SH,20251107,9.02,9.49,9.02,9.39,9.29,0.1,1.0764,362957.3,335852.003
600829.SH,20251110,9.2,10.33,9.15,10.33,9.39,0.94,10.0106,308830.62,312510.943
600829.SH,20251111,11.36,11.36,11.36,11.36,10.33,1.03,9.971,60304.5,68505.912
600829.SH,20251112,12.5,12.5,12.5,12.5,11.36,1.14,10.0352,47823.88,59779.85
600829.SH,20251113,13.75,13.75,13.75,13.75,12.5,1.25,10.0,69359.76,95369.67
600829.SH,20251114,15.13,15.13,14.68,15.13,13.75,1.38,10.0364,427632.82,645230.353
600829.SH,20251117,16.64,16.64,16.2,16.64,15.13,1.51,9.9802,768021.28,1276133.499
600829.SH,20251118,16.7,18.13,14.98,17.72,16.64,1.08,6.4904,1148746.06,1901590.856
600829.SH,20251119,15.95,17.48,15.95,15.95,17.72,-1.77,-9.9887,650950.93,1060253.372
600829.SH,20251120,14.36,15.46,14.36,14.36,15.95,-1.59,-9.9687,557740.0,809411.77
600829.SH,20251121,12.92,13.23,12.92,12.92,14.36,-1.44,-10.0279,220171.74,284877.617
600829.SH,20251124,11.86,12.5,11.63,11.63,12.92,-1.29,-9.9845,645482.54,768878.949
600829.SH,20251125,11.84,12.14,11.68,11.98,11.63,0.35,3.0095,569943.8,680589.419
600829.SH,20251126,11.94,13.18,11.68,13.18,11.98,1.2,10.0167,538852.53,671683.541
600829.SH,20251127,13.45,13.6,12.35,12.63,13.18,-0.55,-4.173,708575.71,909406.6
600829.SH,20251128,12.6,13.28,12.21,12.67,12.63,0.04,0.3167,589705.84,740157.045
600829.SH,20251201,12.59,12.96,12.25,12.26,12.67,-0.41,-3.236,509275.21,642208.774
600829.SH,20251202,12.45,13.49,12.19,13.49,12.26,1.23,10.0326,450625.81,582521.054
600829.SH,20251203,14.03,14.8,13.7,14.47,13.49,0.98,7.2646,933406.8,1340054.119
600829.SH,20251204,13.89,13.98,13.02,13.02,14.47,-1.45,-10.0207,650371.0,863436.479
600829.SH,20251205,12.73,13.79,12.59,13.29,13.02,0.27,2.0737,629257.38,838777.279
600829.SH,20251208,13.26,13.97,12.99,13.72,13.29,0.43,3.2355,625477.01,840134.316
600829.SH,20251209,13.43,13.44,12.62,12.77,13.72,-0.95,-6.9242,481353.0,623360.702
600829.SH,20251210,12.51,12.77,12.14,12.36,12.77,-0.41,-3.2106,386287.38,477316.746
600829.SH,20251211,12.34,12.34,11.93,12.02,12.36,-0.34,-2.7508,302214.0,364381.177
600829.SH,20251212,11.9,11.93,11.5,11.55,12.02,-0.47,-3.9101,264381.0,306641.788
600829.SH,20251215,11.4,11.95,11.37,11.81,11.55,0.26,2.2511,251872.0,295774.052
600829.SH,20251216,11.76,11.82,11.24,11.32,11.81,-0.49,-4.149,217030.77,248419.517
600829.SH,20251217,11.32,11.62,11.22,11.44,11.32,0.12,1.0601,229609.6,262624.36
600829.SH,20251218,11.33,12.3,11.3,11.85,11.44,0.41,3.5839,326184.9,387273.595
600829.SH,20251219,11.61,11.91,11.28,11.79,11.85,-0.06,-0.5063,330760.62,386163.237
600829.SH,20251222,11.96,11.97,11.54,11.58,11.79,-0.21,-1.7812,202936.45,235893.7
600829.SH,20251223,11.51,12.15,11.43,11.67,11.58,0.09,0.7772,379863.71,448946.233
600829.SH,20251224,11.53,11.78,11.5,11.76,11.67,0.09,0.7712,227105.54,264666.282
600829.SH,20251225,11.75,12.25,11.52,11.8,11.76,0.04,0.3401,332312.62,392256.377
600829.SH,20251226,11.8,12.25,11.77,11.99,11.8,0.19,1.6102,337500.14,403132.629
600829.SH,20251229,11.79,11.84,10.99,11.17,11.99,-0.82,-6.839,367659.01,413976.251
600829.SH,20251230,11.11,11.13,10.71,10.89,11.17,-0.28,-2.5067,264745.1,288712.521
600829.SH,20251231,10.93,11.03,10.7,10.81,10.89,-0.08,-0.7346,174382.0,188746.538
600829.SH,20260105,10.98,11.19,10.81,11.0,10.81,0.19,1.7576,203718.1,223174.836
600829.SH,20260106,11.01,11.45,10.95,11.29,11.0,0.29,2.6364,260269.36,293510.9
600829.SH,20260107,11.3,11.6,11.28,11.44,11.29,0.15,1.3286,215578.01,246106.956
600829.SH,20260108,11.44,11.54,11.37,11.51,11.44,0.07,0.6119,159096.37,182464.499
600829.SH,20260109,11.52,11.85,11.5,11.83,11.51,0.32,2.7802,202217.27,237404.531
600829.SH,20260112,11.88,12.1,11.68,12.09,11.83,0.26,2.1978,224396.15,267764.966
600829.SH,20260113,12.19,12.69,11.76,12.11,12.09,0.02,0.1654,521381.01,639808.68
600829.SH,20260114,12.1,12.43,11.65,11.89,12.11,-0.22,-1.8167,403839.72,482566.214
600829.SH,20260115,11.68,11.76,11.27,11.46,11.89,-0.43,-3.6165,229751.0,263270.218
600829.SH,20260116,11.55,11.56,11.06,11.1,11.46,-0.36,-3.1414,164738.0,184549.746
600829.SH,20260119,11.03,11.41,11.01,11.29,11.1,0.19,1.7117,125449.0,141452.214
600829.SH,20260120,11.29,11.36,11.03,11.14,11.29,-0.15,-1.3286,105879.01,117946.91
600829.SH,20260121,11.1,11.19,10.96,11.14,11.14,0.0,0.0,83307.0,92605.699
600829.SH,20260122,11.14,11.37,11.05,11.35,11.14,0.21,1.8851,109329.0,123179.582
600829.SH,20260123,11.61,12.49,11.61,12.04,11.35,0.69,6.0793,531766.35,649167.353
600829.SH,20260126,12.04,12.65,11.88,12.25,12.04,0.21,1.7442,576676.58,704104.075
600829.SH,20260127,12.0,13.16,11.69,12.99,12.25,0.74,6.0408,667223.47,838561.58
600829.SH,20260128,12.61,12.65,12.24,12.35,12.99,-0.64,-4.9269,432726.81,537237.188
600829.SH,20260129,12.06,12.06,11.41,11.77,12.35,-0.58,-4.6964,301824.97,356853.758
600829.SH,20260130,11.78,11.96,11.12,11.22,11.77,-0.55,-4.6729,256797.25,292169.553
600829.SH,20260202,10.99,11.44,10.99,11.11,11.22,-0.11,-0.9804,143493.34,161675.01
600829.SH,20260203,11.16,11.32,11.07,11.29,11.11,0.18,1.6202,118866.87,133249.638
600829.SH,20260204,11.22,11.37,11.15,11.36,11.29,0.07,0.62,106836.0,120640.446
600829.SH,20260205,11.26,11.56,11.24,11.37,11.36,0.01,0.088,144191.31,164487.877
600829.SH,20260206,11.42,11.98,11.42,11.51,11.37,0.14,1.2313,221870.22,258496.101
600829.SH,20260209,11.2,11.66,11.2,11.45,11.51,-0.06,-0.5213,169698.0,194040.426
600829.SH,20260210,11.44,11.45,11.1,11.12,11.45,-0.33,-2.8821,148206.0,165736.873
600829.SH,20260211,11.14,11.16,11.03,11.04,11.12,-0.08,-0.7194,77946.0,86388.19
600829.SH,20260212,11.04,11.06,10.77,10.8,11.04,-0.24,-2.1739,104258.0,113119.093
600829.SH,20260213,10.86,10.89,10.66,10.69,10.8,-0.11,-1.0185,64867.0,69906.418
600829.SH,20260224,10.85,11.0,10.76,10.99,10.69,0.3,2.8064,83615.0,91318.213
600829.SH,20260225,10.99,11.07,10.93,10.98,10.99,-0.01,-0.091,81898.0,90128.465
600829.SH,20260226,10.92,11.02,10.88,10.91,10.98,-0.07,-0.6375,69908.94,76245.089
600829.SH,20260227,10.89,10.97,10.82,10.96,10.91,0.05,0.4583,54455.0,59360.756
600829.SH,20260302,10.8,10.82,10.35,10.49,10.96,-0.47,-4.2883,121693.0,128238.02
600829.SH,20260303,10.44,10.68,10.28,10.31,10.49,-0.18,-1.7159,89761.12,93863.748
600829.SH,20260304,10.15,10.3,10.0,10.18,10.31,-0.13,-1.2609,67585.42,68610.767
600829.SH,20260305,10.22,10.44,10.22,10.36,10.18,0.18,1.7682,61920.0,64106.652
600829.SH,20260306,10.3,10.61,10.25,10.57,10.36,0.21,2.027,65362.0,68825.238
600829.SH,20260309,10.45,10.45,10.32,10.38,10.57,-0.19,-1.7975,58084.0,60268.811
600829.SH,20260310,10.5,10.51,10.38,10.49,10.38,0.11,1.0597,50551.47,52875.714
600829.SH,20260311,10.51,10.54,10.26,10.33,10.49,-0.16,-1.5253,59649.0,61625.786
600829.SH,20260312,10.3,10.35,10.14,10.14,10.33,-0.19,-1.8393,52577.92,53646.552
600829.SH,20260313,10.1,10.27,10.05,10.14,10.14,0.0,0.0,48139.0,49014.476
600829.SH,20260316,10.08,10.3,10.08,10.23,10.14,0.09,0.8876,41260.0,42102.184
600829.SH,20260317,10.24,10.35,10.07,10.07,10.23,-0.16,-1.564,57017.62,58341.744
600829.SH,20260318,10.12,10.25,10.0,10.23,10.07,0.16,1.5889,46330.28,46953.951
600829.SH,20260319,10.12,10.2,9.9,9.96,10.23,-0.27,-2.6393,57570.31,57664.749
600829.SH,20260320,9.92,10.09,9.76,9.76,9.96,-0.2,-2.008,58702.15,58115.635
600829.SH,20260323,9.55,9.74,9.3,9.36,9.76,-0.4,-4.0984,85279.0,81124.7
600829.SH,20260324,9.55,9.77,9.48,9.76,9.36,0.4,4.2735,81813.01,78759.631
600829.SH,20260325,9.78,9.89,9.7,9.89,9.76,0.13,1.332,47964.0,47098.741
600829.SH,20260326,9.85,10.0,9.74,9.75,9.89,-0.14,-1.4156,44502.0,43884.019
600829.SH,20260327,9.67,10.02,9.65,10.02,9.75,0.27,2.7692,54578.0,54189.688
600829.SH,20260330,9.91,10.29,9.91,10.23,10.02,0.21,2.0958,81885.0,83149.739
600829.SH,20260331,10.17,10.42,10.14,10.19,10.23,-0.04,-0.391,81890.0,84324.058
600829.SH,20260401,10.3,10.36,9.99,10.33,10.19,0.14,1.3739,90027.58,92198.095
600829.SH,20260402,10.3,11.36,10.3,11.3,10.33,0.97,9.3901,434593.57,471660.009
600829.SH,20260403,10.69,12.2,10.66,11.1,11.3,-0.2,-1.7699,510738.6,579850.122
600829.SH,20260407,11.06,11.97,10.6,11.67,11.1,0.57,5.1351,495958.01,557216.37
600829.SH,20260408,11.34,11.53,10.93,10.99,11.67,-0.68,-5.8269,438819.16,487698.016
600829.SH,20260409,10.71,11.18,10.4,10.43,10.99,-0.56,-5.0955,292205.9,314598.02
600829.SH,20260410,10.3,10.51,10.0,10.51,10.43,0.08,0.767,211543.62,218311.35
600829.SH,20260413,10.39,10.39,9.8,9.86,10.51,-0.65,-6.1846,212154.89,211464.517
600829.SH,20260414,9.89,9.93,9.65,9.79,9.86,-0.07,-0.7099,134314.5,130701.958
600829.SH,20260415,9.77,10.34,9.77,10.3,9.79,0.51,5.2094,257920.52,261461.441
600829.SH,20260416,10.03,10.1,9.83,9.97,10.3,-0.33,-3.2039,180302.86,179243.72
600829.SH,20260417,9.96,9.97,9.72,9.85,9.97,-0.12,-1.2036,120428.74,118336.268
600829.SH,20260420,9.82,9.93,9.74,9.92,9.85,0.07,0.7107,98950.01,97434.152
600829.SH,20260421,9.9,9.98,9.77,9.81,9.92,-0.11,-1.1089,75367.92,74052.131
600829.SH,20260422,9.77,9.77,9.65,9.71,9.81,-0.1,-1.0194,79935.0,77403.713
600829.SH,20260423,9.68,9.77,9.57,9.67,9.71,-0.04,-0.4119,73335.0,70978.518
600829.SH,20260424,9.6,9.62,9.51,9.61,9.67,-0.06,-0.6205,58623.0,56008.253
600829.SH,20260427,9.56,9.72,9.45,9.71,9.61,0.1,1.0406,66609.0,63758.437
600829.SH,20260428,9.75,9.9,9.6,9.64,9.71,-0.07,-0.7209,83430.5,81320.959
600829.SH,20260429,9.54,9.74,9.53,9.68,9.64,0.04,0.4149,51864.0,50196.468
600829.SH,20260430,9.63,9.75,9.63,9.72,9.68,0.04,0.4132,49601.8,48135.575
600829.SH,20260506,9.73,9.85,9.68,9.85,9.72,0.13,1.3374,82125.5,80435.141
600829.SH,20260507,9.84,9.85,9.75,9.81,9.85,-0.04,-0.4061,61264.57,59975.949
600829.SH,20260508,9.8,9.85,9.76,9.82,9.81,0.01,0.1019,54692.0,53628.218
600829.SH,20260511,9.84,10.09,9.73,10.02,9.82,0.2,2.0367,150374.01,149436.325
600829.SH,20260512,9.99,10.07,9.83,9.86,10.02,-0.16,-1.5968,101366.51,100492.1
600829.SH,20260513,9.91,9.94,9.72,9.76,9.86,-0.1,-1.0142,82218.0,80338.207
600829.SH,20260514,9.76,9.79,9.46,9.47,9.76,-0.29,-2.9713,79532.42,76159.202
600829.SH,20260515,9.45,9.47,9.24,9.29,9.47,-0.18,-1.9007,57804.0,54096.978
600829.SH,20260518,9.29,9.33,9.1,9.18,9.29,-0.11,-1.1841,52665.0,48257.874
600829.SH,20260519,9.18,9.29,9.15,9.26,9.18,0.08,0.8715,36057.0,33266.464
600829.SH,20260520,9.24,9.26,9.02,9.1,9.26,-0.16,-1.7279,42104.0,38280.246
600829.SH,20260521,9.06,9.16,8.73,8.78,9.1,-0.32,-3.5165,69205.0,61762.309
600829.SH,20260522,8.82,8.99,8.79,8.94,8.78,0.16,1.8223,52105.5,46430.416
600829.SH,20260525,8.94,9.06,8.76,8.87,8.94,-0.07,-0.783,40913.0,36346.983
