======================================================================
TOP_rev_acc
      n_day  mean_raw  mean_exc  sd_raw  implied_ann  implied_ann_exc  avg_basket
yr                                                                               
2018     62    0.0048    0.0060  0.0433       0.0492           0.0617     15.6600
2019     92    0.0062    0.0000  0.0632       0.0951           0.0005     13.3200
2020    101    0.0112    0.0060  0.0688       0.1882           0.1013     12.6900
2021     89    0.0102    0.0157  0.0663       0.1513           0.2327     15.6500
2022     91   -0.0068    0.0040  0.0830      -0.1029           0.0601     17.4600
2023     92   -0.0019    0.0010  0.0400      -0.0288           0.0150     18.9600
2024     86    0.0124    0.0105  0.0846       0.1778           0.1508     21.4400
2025     85    0.0124    0.0078  0.0557       0.1757           0.1099     22.2800
2026     69    0.0323    0.0291  0.0826       0.3713           0.3344     21.0900
  合计: n_day=767  implied_ann 求和=1.0768  mean_raw=0.0084
======================================================================
TOP_rev_acc_mv80
      n_day  mean_raw  mean_exc  sd_raw  implied_ann  implied_ann_exc  avg_basket
yr                                                                               
2018     53    0.0056    0.0068  0.0469       0.0494           0.0601      6.4300
2019     78    0.0075    0.0057  0.0640       0.0972           0.0747      5.8200
2020     81    0.0094    0.0040  0.0684       0.1268           0.0544      6.4600
2021     82    0.0062    0.0101  0.0575       0.0844           0.1380      7.2400
2022     85   -0.0159   -0.0054  0.0785      -0.2247          -0.0768      7.4100
2023     83   -0.0037   -0.0011  0.0434      -0.0517          -0.0153      8.4500
2024     72    0.0096    0.0078  0.0470       0.1147           0.0934      8.9600
2025     80    0.0151    0.0102  0.0613       0.2015           0.1363     10.2000
2026     67    0.0303    0.0268  0.0816       0.3379           0.2996     10.3300
  合计: n_day=681  implied_ann 求和=0.7356  mean_raw=0.0065
======================================================================
TOP_np_qoq
      n_day  mean_raw  mean_exc  sd_raw  implied_ann  implied_ann_exc  avg_basket
yr                                                                               
2018     63    0.0034    0.0053  0.0470       0.0357           0.0559     16.5400
2019     93    0.0166    0.0104  0.0660       0.2573           0.1613     13.4200
2020    102    0.0109    0.0067  0.0586       0.1848           0.1132     13.0300
2021     91    0.0169    0.0224  0.0722       0.2566           0.3400     16.5300
2022     92    0.0058    0.0162  0.0730       0.0891           0.2480     18.1700
2023     93   -0.0042   -0.0014  0.0503      -0.0654          -0.0214     19.4500
2024     86    0.0037    0.0018  0.0620       0.0527           0.0258     21.7700
2025     86    0.0098    0.0054  0.0512       0.1406           0.0768     22.0900
2026     70    0.0183    0.0148  0.0797       0.2140           0.1726     20.7900
  合计: n_day=776  implied_ann 求和=1.1653  mean_raw=0.0090
======================================================================
B1_ALL_EVENTS
      n_day  mean_raw  mean_exc  sd_raw  implied_ann  implied_ann_exc  avg_basket
yr                                                                               
2018     69   -0.0053   -0.0028  0.0383      -0.0612          -0.0327    147.7800
2019    103    0.0052   -0.0030  0.0462       0.0894          -0.0521    118.4700
2020    117    0.0075    0.0002  0.0506       0.1458           0.0047    110.7900
2021    105    0.0074    0.0127  0.0427       0.1296           0.2227    140.5000
2022    105   -0.0080    0.0021  0.0533      -0.1395           0.0363    156.8200
2023     97   -0.0051   -0.0019  0.0311      -0.0830          -0.0309    183.5900
2024     96    0.0075    0.0064  0.0629       0.1206           0.1032    192.6000
2025     96    0.0048    0.0015  0.0406       0.0774           0.0234    195.1500
2026     78    0.0120    0.0088  0.0611       0.1555           0.1149    185.0400
  合计: n_day=866  implied_ann 求和=0.4346  mean_raw=0.0030