========================================================================
A) 标的池尺子（全事件篮子，mv80）vs 沪深300
period  univ_cagr  bench_cagr  univ_excess      ir
 TRAIN     0.0033     -0.0287       0.0319  0.1254
 VALID     0.0683      0.1693      -0.1010 -0.6074
   OOS     0.3254     -0.0799       0.4053  2.1674

B) Cohort 尺子：全事件篮子5日收益 − 沪深300 同期5日收益（同日平均）
period  cohort  basket  index  excess
 TRAIN     596   0.382 -0.067   0.449
 VALID     192   0.919  0.223   0.696
   OOS      78   1.496  0.313   1.184
  （单位：% / 5交易日）

C) VALID 期逐月：全事件篮子 vs 沪深300（cohort 均值）
                r     ir     exc   n
ym                                  
202401 -20.141001 -3.134 -17.007   1
202402   9.483000  2.186   7.297   5
202403   1.257000  0.087   1.170  20
202404   1.316000  0.663   0.652  20
202405  -2.935000  0.838  -3.773   3
202407  -1.643000 -1.598  -0.045   7
202408  -1.272000 -0.774  -0.499  21
202409  -1.950000 -2.207   0.257   1
202410   5.801000  1.279   4.521  14
202411  -2.454000 -0.791  -1.663   4
202501   2.169000  1.731   0.439   1
202502   0.320000 -0.395   0.714   5
202503  -0.990000 -1.100   0.110  19
202504   1.530000  0.484   1.046  21
202505   5.075000  0.709   4.365   3
202507   1.987000  0.042   1.944   8
202508   1.439000  2.143  -0.704  20
202509   0.274000 -1.241   1.515   1
202510   1.011000  0.533   0.478  14
202511  -4.046000 -2.051  -1.995   4