======================================================================
1) stk_factor_pro 逐日/逐年覆盖（价格+估值长历史可能性）
======================================================================
       y        n  codes  days     pe_n     mv_n
0   1990        3      1     3        0        3
1   1991      205      1   205      110      205
2   1992      466      2   255      466      466
3   1993      813      5   257      791      813
4   1994     1280      6   252     1270     1280
5   1995     1481      6   251     1481     1481
6   1996     1484      7   247     1397     1484
7   1997     2066     11   243     1992     2066
8   1998     3259     18   246     3259     3259
9   1999     4281     18   239     4281     4281
10  2000     4612     20   239     4309     4612
11  2001     5031     22   240     4572     5031
12  2002     5208     23   237     4565     5208
13  2003     5772     25   241     4811     5772
14  2004     6023     25   243     4933     6023
15  2005     5807     25   242     4621     5807
16  2006     5449     28   241     4394     5449
17  2007     6588     31   242     5775     6588
18  2008     7598     32   246     6884     7598
19  2009     7646     32   244     6235     7646
20  2010     8221     38   242     6836     8221
21  2011     9851     46   244     9026     9851
22  2012    11241     49   243    10256    11241
23  2013    11574     51   238     9809    11574
24  2014    11591     54   245    10177    11591
25  2015    11151     58   244     9655    11151
26  2016    12394     61   244    10596    12383
27  2017    14103     66   244    12575    13941
28  2018    15382     68   243    13390    15347
29  2019    16784     71   244    13417    16730
30  2020    17630     80   243    14366    17535
31  2021    20166     91   243    16900    20020
32  2022    23406    104   242    18226    23233
33  2023  1307526   5619   242  1028248  1307525
34  2024  1353377   5680   242  1037484  1353377
35  2025  1165198   5293   243   840614  1165198
36  2026   811523   5575   166   586388   811523

======================================================================
2) daily_basic_cache 逐年覆盖
======================================================================
      y        n  codes  days
0  2023  1258734   5381   242
1  2024  1293893   5433   242
2  2025  1313898   5500   243
3  2026   979547   5589   178

======================================================================
3) daily_cache 逐年覆盖
======================================================================
      y        n  codes  days
0  2021  1085445   4840   243
1  2022  1179072   5182   242
2  2023  1258734   5381   242
3  2024  1293893   5433   242
4  2025  1306377   5454   243
5  2026   978701   5577   178

======================================================================
4) treasure_fin_ind_*.parquet 覆盖度（ann_date + end_date 范围）
======================================================================
文件数: 4509
总行数: 346792   股票数: 4509
end_date 范围: 20031231 ~ 20260630
ann_date 范围: 20070430 ~ 20260810
列数: 108

======================================================================
5) 逐股 income/balance/cashflow 覆盖度（含 ann_date）
======================================================================
  income_*.parquet         文件=10594  股票=4926  行数=394650   end_date 19901231~20260630
  balance_*.parquet        文件=5358   股票=4926  行数=379743   end_date 20011231~20260630
  cashflow_*.parquet       文件=4926   股票=4926  行数=339500   end_date 20011231~20260630

======================================================================
6) 行业分类 map
======================================================================
  D:\mystock\cache_daily\sw_industry_map.csv 不存在
  classify_SW2021_L1.parquet shape=(31, 7)
    列: ['index_code', 'industry_name', 'level', 'industry_code', 'is_pub', 'parent_code', 'src']
  index_code industry_name level industry_code is_pub parent_code     src
0  801010.SI          农林牧渔    L1        110000      1           0  SW2021
1  801030.SI          基础化工    L1        220000      1           0  SW2021
2  801040.SI            钢铁    L1        230000      1           0  SW2021
  classify_SW2021_L2.parquet shape=(134, 7)
    列: ['index_code', 'industry_name', 'level', 'industry_code', 'is_pub', 'parent_code', 'src']
  index_code industry_name level industry_code is_pub parent_code     src
0  801016.SI           种植业    L2        110100      1      110000  SW2021
1  801015.SI            渔业    L2        110200      1      110000  SW2021
2  801011.SI           林业Ⅱ    L2        110300      0      110000  SW2021
DONE
