=== E1 / T+5 全样本：按 |raw IC| 排序（前 30）===
                    raw  resid_mom  resid_val  resid_siz  resid_ind  resid_all    icir  n_coh   spr10  spr10_t   net30     auc    prec   TRAIN   VALID     OOS  same_sign_3  wf_same  cf_alpha    cf_t
feature                                                                                                                                                                                               
rev_acc          0.0661     0.0570     0.0651     0.0554     0.0447     0.0321  0.4156    546  0.0101   6.5584  0.0071  0.5422  0.1838  0.0736  0.0545  0.0394         True   1.0000    0.0034  3.3241
np_qoq           0.0642     0.0439     0.0547     0.0574     0.0360     0.0407  0.3985    555  0.0066   4.0566  0.0036  0.5406  0.1791  0.0693  0.0454  0.0709         True   0.6667    0.0023  2.5458
np_acc           0.0534     0.0528     0.0550     0.0472     0.0448     0.0392  0.2869    544  0.0069   4.0719  0.0039  0.5487  0.1655  0.0619  0.0289  0.0503         True   0.5000    0.0043  4.4076
dp_acc           0.0520     0.0250     0.0288     0.0238     0.0271     0.0218  0.2817    513  0.0049   2.5574  0.0019  0.5435  0.1750  0.0564  0.0523  0.0172         True   0.8333    0.0029  2.2670
dp_qoq           0.0502     0.0151     0.0230     0.0277     0.0148     0.0147  0.3043    534  0.0060   3.3651  0.0030  0.5308  0.1625  0.0536  0.0367  0.0570         True   0.5000    0.0029  2.6370
turnover_rate   -0.0428    -0.0377    -0.0388    -0.0007    -0.0226    -0.0018 -0.1964    557 -0.0025  -1.0136 -0.0055  0.4502  0.2029 -0.0332 -0.1071  0.0390        False   0.8333    0.0028  2.0155
rev_qoq          0.0389     0.0375     0.0403     0.0381     0.0334     0.0248  0.2247    556  0.0065   4.0725  0.0035  0.5341  0.1743  0.0403  0.0228  0.0673         True   0.3333    0.0031  3.5405
S2h4_np          0.0385     0.0279     0.0253     0.0296     0.0289     0.0228  0.2127    500  0.0185   3.0773  0.0155  0.5175  0.1731  0.0427  0.0168  0.0627         True   0.6667    0.0026  1.8166
bp               0.0315     0.0289     0.0079     0.0088     0.0215     0.0142  0.1382    557 -0.0002  -0.0837 -0.0032  0.5460  0.1418  0.0397  0.0434 -0.0584        False   0.8333   -0.0006 -0.4207
sp               0.0306     0.0244     0.0058     0.0143     0.0200     0.0094  0.1420    557  0.0010   0.4748 -0.0020  0.5261  0.1554  0.0339  0.0524 -0.0466        False   0.6667   -0.0026 -1.9340
S2h8_np          0.0302     0.0203     0.0170     0.0263     0.0275     0.0140  0.1637    480  0.0029   1.3555 -0.0001  0.5106  0.1705  0.0370 -0.0042  0.0704        False   0.6667    0.0016  1.1746
mom_20          -0.0288    -0.0030    -0.0211    -0.0039    -0.0190    -0.0096 -0.1287    557 -0.0021  -0.8847 -0.0051  0.4481  0.1974 -0.0081 -0.0982 -0.0188         True   0.6667    0.0002  0.1297
S2h4_rev         0.0286     0.0258     0.0233     0.0256     0.0195     0.0130  0.1605    502  0.0073   1.3289  0.0043  0.5264  0.2120  0.0353  0.0137  0.0206         True   0.8333    0.0044  3.1733
mom_60          -0.0267    -0.0080    -0.0213    -0.0049    -0.0146    -0.0086 -0.1189    557  0.0023   0.9406 -0.0007  0.4623  0.2070 -0.0188 -0.0669  0.0101        False   0.5000   -0.0006 -0.4681
npm_chg         -0.0265    -0.0220    -0.0163    -0.0150    -0.0189    -0.0222 -0.1481    557 -0.0067  -3.7410 -0.0097  0.4801  0.1548 -0.0314 -0.0290  0.0163        False   0.8333   -0.0048 -3.9472
S1h4_np          0.0244     0.0217     0.0214     0.0207     0.0206     0.0225  0.1349    527  0.0031   1.8196  0.0001  0.5155  0.1626  0.0299  0.0085  0.0241         True   0.6667    0.0031  2.6747
ln_mv           -0.0239    -0.0200    -0.0154    -0.0190    -0.0220    -0.0131 -0.1028    557 -0.0066  -3.1499 -0.0096  0.4650  0.1565 -0.0201 -0.0194 -0.0630         True   0.6667   -0.0041 -3.1054
dv_ttm           0.0226     0.0143     0.0222     0.0091    -0.0003     0.0133  0.1080    521  0.0021   1.0571 -0.0009  0.5104  0.1442  0.0290  0.0413 -0.0694        False   0.6667    0.0004  0.2544
npm             -0.0223    -0.0235    -0.0037    -0.0132    -0.0215    -0.0009 -0.1237    557 -0.0087  -4.6501 -0.0117  0.4734  0.1529 -0.0202 -0.0195 -0.0445         True   0.5000   -0.0056 -4.5878
ep_ttm           0.0216     0.0036     0.0058     0.0064    -0.0127     0.0047  0.0978    542 -0.0013  -0.6098 -0.0043  0.5168  0.1512  0.0251  0.0316 -0.0303        False   0.1667   -0.0043 -2.8750
S2h8_rev         0.0204     0.0182     0.0135     0.0155     0.0136     0.0098  0.1128    483  0.0059   2.5412  0.0029  0.5262  0.1822  0.0221 -0.0015  0.0616        False   0.3333    0.0026  1.8363
S1h4_rev         0.0200     0.0238     0.0212     0.0192     0.0141     0.0124  0.1093    528  0.0061   3.3591  0.0031  0.5234  0.1738  0.0320 -0.0093  0.0068        False   0.5000    0.0027  2.3063
fix_assets_g    -0.0199    -0.0156    -0.0092    -0.0089    -0.0040    -0.0039 -0.1165    551 -0.0043  -2.5793 -0.0073  0.4729  0.1770 -0.0113 -0.0497 -0.0136         True   0.1667   -0.0000 -0.0204
debt_vs_rev_chg  0.0197     0.0237     0.0203     0.0145     0.0135     0.0166  0.1129    546  0.0030   1.6851 -0.0000  0.5223  0.1648  0.0219  0.0298 -0.0210        False   0.8333    0.0003  0.2921
S2_dp            0.0191     0.0085     0.0014     0.0015     0.0146     0.0109  0.1087    507  0.0039   2.2592  0.0009  0.5175  0.1670  0.0181  0.0204  0.0236         True   0.6667    0.0022  1.3461
S2_np            0.0188     0.0185     0.0166     0.0158     0.0235     0.0118  0.1093    532  0.0042   2.8282  0.0012  0.5109  0.1674  0.0220 -0.0053  0.0531        False   0.5000    0.0013  1.0231
ind_rs          -0.0187     0.0003    -0.0001    -0.0001    -0.0162    -0.0104 -0.1106    444 -0.0039  -2.0191 -0.0069  0.4643  0.2101 -0.0137 -0.0351 -0.0158         True   0.5000    0.0005  0.3401
ar_vs_rev_chg    0.0187     0.0197     0.0265     0.0134     0.0151     0.0150  0.1267    542  0.0004   0.2035 -0.0026  0.5054  0.1624  0.0202  0.0286 -0.0169        False   0.5000   -0.0006 -0.4584
ocf_acc          0.0185     0.0138     0.0219     0.0146     0.0162     0.0100  0.1126    543  0.0013   0.9160 -0.0017  0.5116  0.1632  0.0254  0.0112 -0.0149        False   0.5000   -0.0001 -0.0684
S2h12_np         0.0183     0.0142     0.0136     0.0181     0.0223     0.0101  0.1006    448  0.0047   2.5928  0.0017  0.5153  0.1755  0.0215 -0.0045  0.0552        False   0.5000    0.0015  1.1159

=== E1 / T+20：按 |raw IC| 排序（前 20）===
                    raw  resid_mom  resid_val  resid_siz  resid_ind  resid_all    icir   spr10   net30     auc
feature                                                                                                       
turnover_rate   -0.0627    -0.0615    -0.0513    -0.0128    -0.0359    -0.0142 -0.2974 -0.0119 -0.0149  0.4120
bp               0.0622     0.0500     0.0086     0.0287     0.0331     0.0083  0.2612  0.0024 -0.0006  0.5656
ln_mv           -0.0593    -0.0542    -0.0483    -0.0514    -0.0381    -0.0306 -0.2383 -0.0237 -0.0267  0.4412
mom_60          -0.0580    -0.0184    -0.0474    -0.0331    -0.0254    -0.0162 -0.2774 -0.0070 -0.0100  0.4390
rev_acc          0.0560     0.0578     0.0506     0.0481     0.0404     0.0281  0.3212  0.0132  0.0102  0.5415
dv_ttm           0.0529     0.0304     0.0319     0.0178     0.0168     0.0247  0.2503  0.0065  0.0035  0.5377
mom_20          -0.0512    -0.0048    -0.0394    -0.0215    -0.0170    -0.0001 -0.2452 -0.0103 -0.0133  0.4327
sp               0.0433     0.0352    -0.0004     0.0197     0.0200     0.0034  0.2091  0.0035  0.0005  0.5428
rev_cagr3       -0.0414    -0.0147    -0.0115    -0.0216    -0.0146    -0.0023 -0.2157 -0.0127 -0.0157  0.4653
mom_10          -0.0395     0.0056    -0.0279    -0.0140    -0.0209     0.0140 -0.1877 -0.0076 -0.0106  0.4461
np_acc           0.0387     0.0491     0.0417     0.0350     0.0330     0.0261  0.2345  0.0076  0.0046  0.5404
dp_acc           0.0342     0.0247     0.0144     0.0051     0.0183     0.0138  0.2074  0.0072  0.0042  0.5340
npm_chg         -0.0331    -0.0308    -0.0215    -0.0260    -0.0265    -0.0301 -0.1953 -0.0131 -0.0161  0.4673
np_qoq           0.0317     0.0243     0.0255     0.0326     0.0230     0.0290  0.1806  0.0053  0.0023  0.5166
debt_vs_rev_chg  0.0313     0.0285     0.0266     0.0172     0.0259     0.0083  0.1931  0.0049  0.0019  0.5272
rev_yoy         -0.0309    -0.0136    -0.0073    -0.0178    -0.0110    -0.0031 -0.1641 -0.0030 -0.0060  0.4825
S3_np           -0.0299    -0.0080    -0.0019    -0.0184    -0.0058    -0.0073 -0.1772 -0.0101 -0.0131  0.4776
dp_qoq           0.0294     0.0007     0.0051     0.0057     0.0038     0.0122  0.1642  0.0075  0.0045  0.5206
ar_vs_rev       -0.0277    -0.0189    -0.0160    -0.0218     0.0028    -0.0080 -0.1331 -0.0017 -0.0047  0.4827
S2h4_np          0.0271     0.0289     0.0249     0.0233     0.0210     0.0177  0.1623  0.0116  0.0086  0.5123

=== 成本：T+5 Top10-Bot10（raw，全锚点）===
  n=79  毛价差>0: 45   >0.1%: 34   >0.2%: 28   >0.3%: 20   30bp后>0: 20

=== §28 OOS 三期同向（T+5，E1）===
  n=79  same_sign_3 占比 0.2911  (TRAIN均值 0.0095 / VALID -0.0058 / OOS 0.0110)

=== §30 Regime（T+5，E1，全部特征）===
        count    mean  median  ic_pos_ratio
regime                                     
BEAR       79 -0.0042 -0.0071        0.3544
BULL       79  0.0018  0.0013        0.5063
NORMAL     79 -0.0003  0.0019        0.5190

=== §29 Walk-forward（T+5，E1，全部特征）===
         n  same_sign  ic_train  ic_oos
window                                 
W1      79     0.5190    0.0236 -0.0019
W2      79     0.4684    0.0159 -0.0146
W3      79     0.3924    0.0059 -0.0396
W4      79     0.5696   -0.0188  0.0059
W5      79     0.7722   -0.0166 -0.0221
W6      79     0.4684   -0.0191  0.0060

=== §31 Counterfactual 方向一致性（E1）===
  H=5  n=79  正且|t|>2: 13 (0.165)  负且|t|>2: 13 (0.165)  中位 cf_alpha 0.00018
  H=20  n=79  正且|t|>2: 12 (0.152)  负且|t|>2: 5 (0.063)  中位 cf_alpha 0.00132

=== §32 参数网格 ===
                             count    mean  median
param                 value                       
fund_history          12         8  0.0030  0.0039
                      4          8  0.0247  0.0246
                      8          8  0.0129  0.0146
industry_level        SW1       12  0.0036  0.0035
                      SW2       12  0.0058  0.0009
momentum_window       10        12 -0.0009 -0.0015
                      20        12 -0.0008 -0.0023
                      5         12 -0.0026 -0.0046
                      60        12  0.0044  0.0025
price_reaction_window 1          6  0.0020  0.0085
                      3          8 -0.0003 -0.0024
                      5          8 -0.0023 -0.0051

DONE
