============================================================
1) total_mv 年度分布（万元）
          n  notna      p10      p50       p90  zero
yr                                                  
2018  10239  10239 213075.9 498794.2 2393641.6     0
2019  12218  12218 228601.1 534904.6 2785064.8     0
2020  12980  12980 231119.1 598989.3 3364288.6     0
2021  14766  14766 225127.4 594676.5 3798826.0     0
2022  16476  16476 213109.2 553291.0 3181714.8     0
2023  17815  17815 240515.7 588074.8 3064422.7     0
2024  18503  18503 194823.6 485220.7 2645646.5     0
2025  18751  18751 261125.5 646438.8 3260280.5     0
2026  14446  14446 290663.5 728043.9 3979707.2     0

============================================================
2) mv>=80亿 保留率（按年）
          n  keep   rate
yr                      
2018  10239  3355 0.3277
2019  12218  4331 0.3545
2020  12980  5079 0.3913
2021  14766  5905 0.3999
2022  16476  6188 0.3756
2023  17815  6859 0.3850
2024  18503  6175 0.3337
2025  18751  7894 0.4210
2026  14446  6714 0.4648

============================================================
3) mv80 子集里，各年 Top 十分位篮子只数（按入场日 k1）
  ALL
      n_ev  n_day    avg
yr                      
2018   980     62  15.81
2019  1226     92  13.33
2020  1285    101  12.72
2021  1394     89  15.66
2022  1589     91  17.46
2023  1747     92  18.99
2024  1848     86  21.49
2025  1896     85  22.31
2026  1457     69  21.12
  MV80
      n_ev  n_day    avg
yr                      
2018   343     54   6.35
2019   455     78   5.83
2020   523     81   6.46
2021   594     82   7.24
2022   630     85   7.41
2023   701     83   8.45
2024   645     72   8.96
2025   816     80  10.20
2026   692     67  10.33

============================================================
4) Top 十分位篮子的市值画像（各年 p50 total_mv，万元）
  rev_acc  top_p50 vs all_p50
                top           all  ratio
2018  487031.140625  511048.68750  0.953
2019  490270.875000  530144.96875  0.925
2020  588147.437500  592419.56250  0.993
2021  601055.843750  610338.68750  0.985
2022  562240.000000  560591.56250  1.003
2023  527762.750000  592000.00000  0.891
2024  433535.828125  486980.50000  0.890
2025  595042.531250  645077.06250  0.922
2026  763677.375000  723118.37500  1.056
  np_qoq  top_p50 vs all_p50
                top           all  ratio
2018  457864.156250  499219.78125  0.917
2019  474521.546875  536149.56250  0.885
2020  521203.843750  602300.68750  0.865
2021  512286.656250  596068.00000  0.859
2022  454346.625000  554194.56250  0.820
2023  489983.968750  590870.87500  0.829
2024  407424.453125  486618.71875  0.837
2025  514137.687500  647955.68750  0.793
2026  577645.000000  732689.56250  0.788
DONE
