======================================================================
S1 载入价格矩阵与面板
  价格矩阵 (5816, 2120) / 交易日 2120 / 指数 2120
  事件 136194 行 / 866 入场日
  TOP_rev_acc          事件=13422  入场日=767   均只数=17.5
  TOP_rev_acc_c60      事件=13422  入场日=767   均只数=17.5
  TOP_rev_acc_mv80     事件=5399   入场日=682   均只数=7.9
  TOP_rev_acc_mv80_c60 事件=5399   入场日=682   均只数=7.9
  TOP_np_qoq           事件=13849  入场日=776   均只数=17.8
  TOP_np_qoq_c60       事件=13849  入场日=776   均只数=17.8
  TOP_np_qoq_mv80      事件=5555   入场日=691   均只数=8.0
  TOP_np_qoq_mv80_c60  事件=5555   入场日=691   均只数=8.0
  B1_ALL_EVENTS        事件=136194 入场日=866   均只数=157.3
  B1_ALL_EVENTS_c60    事件=136194 入场日=866   均只数=157.3

S2 组合绩效（sleeve 记账，每日投 1/5 资金，空仓现金不计息）
                name   cagr    vol  sharpe     mdd  calmar  bench_cagr  excess_cagr  ann_over     ir  n_days
         TOP_rev_acc 0.1228 0.1385  0.9060 -0.2506  0.4902      0.0095       0.1134    0.0981 0.5471    2119
     TOP_rev_acc_c60 0.1228 0.1385  0.9060 -0.2506  0.4902      0.0095       0.1134    0.0981 0.5471    2119
    TOP_rev_acc_mv80 0.0708 0.1225  0.6196 -0.2953  0.2397      0.0095       0.0613    0.0485 0.2789    2119
TOP_rev_acc_mv80_c60 0.0708 0.1225  0.6196 -0.2953  0.2397      0.0095       0.0613    0.0485 0.2789    2119
          TOP_np_qoq 0.1351 0.1341  1.0132 -0.1908  0.7084      0.0095       0.1257    0.1084 0.6095    2119
      TOP_np_qoq_c60 0.1351 0.1341  1.0132 -0.1908  0.7084      0.0095       0.1257    0.1084 0.6095    2119
     TOP_np_qoq_mv80 0.0358 0.1226  0.3484 -0.2868  0.1248      0.0095       0.0263    0.0153 0.0883    2119
 TOP_np_qoq_mv80_c60 0.0358 0.1226  0.3484 -0.2868  0.1248      0.0095       0.0263    0.0153 0.0883    2119
       B1_ALL_EVENTS 0.0812 0.1276  0.6758 -0.2367  0.3429      0.0095       0.0717    0.0588 0.3598    2119
   B1_ALL_EVENTS_c60 0.0812 0.1276  0.6758 -0.2367  0.3429      0.0095       0.0717    0.0588 0.3598    2119
            B2_HS300 0.0095 0.1897  0.1446 -0.4560  0.0208      0.0095       0.0000   -0.0000    NaN    2119

                name  n_event  n_entry_days  avg_size
         TOP_rev_acc    13422           767     17.50
     TOP_rev_acc_c60    13422           767     17.50
    TOP_rev_acc_mv80     5399           682      7.92
TOP_rev_acc_mv80_c60     5399           682      7.92
          TOP_np_qoq    13849           776     17.85
      TOP_np_qoq_c60    13849           776     17.85
     TOP_np_qoq_mv80     5555           691      8.04
 TOP_np_qoq_mv80_c60     5555           691      8.04
       B1_ALL_EVENTS   136194           866    157.27
   B1_ALL_EVENTS_c60   136194           866    157.27

S3 分期（区间收益 / 区间年化 / 同期沪深300）
            name period    n     ret    cagr   bench  excess     mdd
     TOP_rev_acc  TRAIN 1457  0.4168  0.0596 -0.1606  0.5773 -0.2506
     TOP_rev_acc  VALID  485  0.3976  0.1818  0.3672  0.0304 -0.1239
     TOP_rev_acc    OOS  178  0.3929  0.5692 -0.0591  0.4520 -0.0995
TOP_rev_acc_mv80  TRAIN 1457 -0.0430 -0.0073 -0.1606  0.1176 -0.2953
TOP_rev_acc_mv80  VALID  485  0.3725  0.1711  0.3672  0.0052 -0.0998
TOP_rev_acc_mv80    OOS  178  0.3855  0.5579 -0.0591  0.4446 -0.0865
      TOP_np_qoq  TRAIN 1457  0.9521  0.1175 -0.1606  1.1127 -0.1908
      TOP_np_qoq  VALID  485  0.2494  0.1175  0.3672 -0.1178 -0.1403
      TOP_np_qoq    OOS  178  0.2439  0.3455 -0.0591  0.3030 -0.1112
 TOP_np_qoq_mv80  TRAIN 1457  0.0019  0.0003 -0.1606  0.1625 -0.2536
 TOP_np_qoq_mv80  VALID  485  0.1294  0.0626  0.3672 -0.2378 -0.1429
 TOP_np_qoq_mv80    OOS  178  0.2025  0.2850 -0.0591  0.2616 -0.0855
   B1_ALL_EVENTS  TRAIN 1457  0.2957  0.0440 -0.1606  0.4562 -0.2367
   B1_ALL_EVENTS  VALID  485  0.2921  0.1364  0.3672 -0.0751 -0.1223
   B1_ALL_EVENTS    OOS  178  0.1831  0.2568 -0.0591  0.2421 -0.1067

S4 TOP_rev_acc 月度收益（季节集中度）
m        01     02     03     04     05     06     07     08     09     10     11     12
y                                                                                       
2018    NaN +0.000 +0.000 -0.024 +0.019 +0.000 +0.013 -0.036 +0.005 +0.050 +0.034 +0.000
2019 -0.002 +0.072 +0.054 -0.041 -0.049 +0.000 -0.009 +0.020 +0.042 -0.013 +0.008 +0.000
2020 +0.000 -0.018 -0.042 +0.024 +0.010 +0.004 +0.126 -0.023 +0.011 -0.007 +0.030 +0.000
2021 +0.000 +0.023 -0.035 +0.033 +0.010 +0.000 +0.041 +0.086 +0.011 -0.009 +0.008 +0.000
2022 +0.000 -0.012 -0.054 -0.125 +0.034 +0.000 +0.086 -0.036 +0.027 -0.029 +0.044 +0.000
2023 +0.000 +0.003 -0.004 +0.046 -0.007 +0.000 -0.016 -0.013 +0.001 +0.013 +0.009 +0.000
2024 -0.011 +0.007 +0.031 +0.041 +0.014 +0.000 -0.001 -0.040 -0.008 +0.123 -0.005 +0.000
2025 +0.000 -0.010 +0.045 +0.006 +0.061 +0.000 +0.002 +0.083 -0.023 +0.036 +0.000 +0.000
2026 +0.000 +0.000 -0.014 +0.069 +0.112 +0.000 +0.083 +0.094 +0.004    NaN    NaN    NaN

  已写出 out/trade_gate_nav.csv