ic (4080, 12)  sp (510, 20)  ds (510, 11)  bl (36, 15)  qd (576, 8)
----------------------------------------------------------------------
A) §24 Baseline（T+5 / T+20 / T+10, anchor=E1 / E3）
anchor             baseline  horizon  ic_mean    icir   spr10   spr20    auc   prec  ic_train  ic_valid  ic_oos
    E1        B1_ALL_EVENTS        5      NaN     NaN     NaN     NaN    NaN    NaN       NaN       NaN     NaN
    E1          B2_MOMENTUM        5  -0.0288 -0.1287 -0.0021 -0.0006 0.4481 0.1974   -0.0081   -0.0982 -0.0188
    E1             B3_VALUE        5   0.0315  0.1382 -0.0002  0.0011 0.5460 0.1418    0.0397    0.0434 -0.0584
    E1   B4_EARNINGS_GROWTH        5  -0.0006 -0.0030 -0.0011 -0.0018 0.4917 0.1719    0.0018   -0.0187  0.0248
    E1    B5_PRICE_REACTION        5   0.0145  0.0881  0.0051  0.0020 0.5154 0.1822    0.0123    0.0186  0.0213
    E1 B6_GROWTH_x_REACTION        5   0.0062  0.0361  0.0031  0.0015 0.4995 0.1863    0.0018    0.0062  0.0383
    E1        B1_ALL_EVENTS       20      NaN     NaN     NaN     NaN    NaN    NaN       NaN       NaN     NaN
    E1          B2_MOMENTUM       20  -0.0512 -0.2452 -0.0103 -0.0069 0.4327 0.1918   -0.0494   -0.0759 -0.0028
    E1             B3_VALUE       20   0.0622  0.2612  0.0024  0.0075 0.5656 0.1395    0.0828    0.0722 -0.1279
    E1   B4_EARNINGS_GROWTH       20  -0.0144 -0.0756 -0.0071 -0.0084 0.4797 0.1579   -0.0222   -0.0197  0.0610
    E1    B5_PRICE_REACTION       20   0.0212  0.1260  0.0115  0.0062 0.5236 0.1756    0.0188    0.0277  0.0237
    E1 B6_GROWTH_x_REACTION       20   0.0075  0.0425  0.0046  0.0018 0.5008 0.1717   -0.0011    0.0093  0.0700
    E3        B1_ALL_EVENTS        5      NaN     NaN     NaN     NaN    NaN    NaN       NaN       NaN     NaN
    E3          B2_MOMENTUM        5  -0.0386 -0.1729 -0.0047 -0.0018 0.4436 0.2031   -0.0307   -0.0644 -0.0359
    E3             B3_VALUE        5   0.0362  0.1621  0.0025  0.0020 0.5352 0.1518    0.0350    0.0600 -0.0121
    E3   B4_EARNINGS_GROWTH        5  -0.0216 -0.1200 -0.0040 -0.0039 0.4879 0.1772   -0.0236   -0.0175 -0.0157
    E3    B5_PRICE_REACTION        5  -0.0256 -0.1248 -0.0009 -0.0018 0.4657 0.1868   -0.0240   -0.0409 -0.0010
    E3 B6_GROWTH_x_REACTION        5  -0.0335 -0.1661 -0.0026 -0.0022 0.4612 0.1836   -0.0338   -0.0431 -0.0080
    E3        B1_ALL_EVENTS       20      NaN     NaN     NaN     NaN    NaN    NaN       NaN       NaN     NaN
    E3          B2_MOMENTUM       20  -0.0600 -0.2919 -0.0124 -0.0086 0.4381 0.1808   -0.0682   -0.0521 -0.0130
    E3             B3_VALUE       20   0.0502  0.2161  0.0027  0.0064 0.5506 0.1550    0.0643    0.0716 -0.1248
    E3   B4_EARNINGS_GROWTH       20  -0.0195 -0.1059 -0.0095 -0.0083 0.4796 0.1626   -0.0273   -0.0229  0.0529
    E3    B5_PRICE_REACTION       20  -0.0320 -0.1583 -0.0067 -0.0043 0.4567 0.1835   -0.0317   -0.0564  0.0300
    E3 B6_GROWTH_x_REACTION       20  -0.0369 -0.1910 -0.0097 -0.0082 0.4503 0.1636   -0.0433   -0.0532  0.0582
----------------------------------------------------------------------
B) §21 Top-25 特征（anchor=E1, variant=raw, horizon=T+5, ALL）
        feature category  ic_mean  ic_med  ic_std    icir    pos  n_coh
        rev_acc      REV   0.0661  0.0711  0.1591  0.4157 0.7308    546
         np_qoq       NP   0.0642  0.0550  0.1610  0.3985 0.6739    555
         np_acc       NP   0.0534  0.0531  0.1862  0.2870 0.6728    544
         dp_acc       NP   0.0520  0.0494  0.1845  0.2818 0.6589    513
         dp_qoq       NP   0.0502  0.0332  0.1649  0.3044 0.6367    534
  turnover_rate     SIZE  -0.0428 -0.0487  0.2180 -0.1964 0.3968    557
        rev_qoq      REV   0.0389  0.0423  0.1731  0.2249 0.6331    556
        S2h4_np SURPRISE   0.0385  0.0291  0.1810  0.2128 0.6140    500
             bp    VALUE   0.0315  0.0253  0.2282  0.1382 0.5494    557
             sp    VALUE   0.0306  0.0179  0.2154  0.1420 0.5296    557
        S2h8_np SURPRISE   0.0302  0.0219  0.1844  0.1638 0.5708    480
         mom_20 MOMENTUM  -0.0288 -0.0182  0.2241 -0.1287 0.4686    557
       S2h4_rev SURPRISE   0.0286  0.0376  0.1782  0.1606 0.6355    502
         mom_60 MOMENTUM  -0.0267 -0.0320  0.2246 -0.1189 0.4399    557
        npm_chg     QUAL  -0.0265 -0.0335  0.1790 -0.1481 0.3968    557
        S1h4_np SURPRISE   0.0244  0.0215  0.1809  0.1350 0.5825    527
          ln_mv     SIZE  -0.0239 -0.0295  0.2326 -0.1028 0.4363    557
         dv_ttm    VALUE   0.0226  0.0158  0.2095  0.1080 0.5336    521
            npm     QUAL  -0.0222 -0.0265  0.1800 -0.1236 0.4434    557
         ep_ttm    VALUE   0.0216  0.0184  0.2207  0.0978 0.5277    542
       S2h8_rev SURPRISE   0.0204  0.0300  0.1804  0.1130 0.5859    483
       S1h4_rev SURPRISE   0.0201  0.0264  0.1834  0.1094 0.5739    528
   fix_assets_g       BS  -0.0199 -0.0094  0.1704 -0.1165 0.4682    551
debt_vs_rev_chg       BS   0.0197  0.0206  0.1744  0.1127 0.5769    546
          S2_dp SURPRISE   0.0191  0.0126  0.1760  0.1088 0.5424    507
----------------------------------------------------------------------
C) §17 Momentum 残差（E1, T+5, ALL）：原始 vs resid_mom vs resid_all
                    raw  mom  val  ind  all  abs_raw
feature                                             
rev_acc          0.0661  NaN  NaN  NaN  NaN   0.0661
np_qoq           0.0642  NaN  NaN  NaN  NaN   0.0642
np_acc           0.0534  NaN  NaN  NaN  NaN   0.0534
dp_acc           0.0520  NaN  NaN  NaN  NaN   0.0520
dp_qoq           0.0502  NaN  NaN  NaN  NaN   0.0502
turnover_rate   -0.0428  NaN  NaN  NaN  NaN   0.0428
rev_qoq          0.0389  NaN  NaN  NaN  NaN   0.0389
S2h4_np          0.0385  NaN  NaN  NaN  NaN   0.0385
bp               0.0315  NaN  NaN  NaN  NaN   0.0315
sp               0.0306  NaN  NaN  NaN  NaN   0.0306
S2h8_np          0.0302  NaN  NaN  NaN  NaN   0.0302
mom_20          -0.0288  NaN  NaN  NaN  NaN   0.0288
S2h4_rev         0.0286  NaN  NaN  NaN  NaN   0.0286
mom_60          -0.0267  NaN  NaN  NaN  NaN   0.0267
npm_chg         -0.0265  NaN  NaN  NaN  NaN   0.0265
S1h4_np          0.0244  NaN  NaN  NaN  NaN   0.0244
ln_mv           -0.0239  NaN  NaN  NaN  NaN   0.0239
dv_ttm           0.0226  NaN  NaN  NaN  NaN   0.0226
npm             -0.0222  NaN  NaN  NaN  NaN   0.0222
ep_ttm           0.0216  NaN  NaN  NaN  NaN   0.0216
S2h8_rev         0.0204  NaN  NaN  NaN  NaN   0.0204
S1h4_rev         0.0201  NaN  NaN  NaN  NaN   0.0201
fix_assets_g    -0.0199  NaN  NaN  NaN  NaN   0.0199
debt_vs_rev_chg  0.0197  NaN  NaN  NaN  NaN   0.0197
S2_dp            0.0191  NaN  NaN  NaN  NaN   0.0191
----------------------------------------------------------------------
D) §22 Spread / §23 Disc（E1, raw, T+5）Top-20 by |spr10|
  feature   spr10  spr10_t   spr20   net10   net30   net50    auc     eff  stdgap  ranksep   prec
  S2h4_np  0.0185   3.0773     NaN  0.0175  0.0155  0.0135 0.5175  0.0454 -0.0336   0.0119 0.1731
  rev_acc  0.0101   6.5578  0.0096  0.0091  0.0071  0.0051 0.5422  0.0862 -0.0818   0.0430 0.1838
      npm -0.0087  -4.6414 -0.0057 -0.0097 -0.0117 -0.0137 0.4735 -0.0794 -0.0438  -0.0457 0.1529
 S2h4_rev  0.0073   1.3289 -0.0130  0.0063  0.0043  0.0023 0.5264  0.0685 -0.0095   0.0273 0.2120
S2h12_rev  0.0072   3.4222  0.0051  0.0062  0.0042  0.0022 0.5269  0.0164 -0.0319   0.0029 0.1843
   np_acc  0.0069   4.0713  0.0089  0.0059  0.0039  0.0019 0.5487 -0.0041 -0.0423   0.0139 0.1655
  npm_chg -0.0067  -3.7410 -0.0058 -0.0077 -0.0097 -0.0117 0.4801 -0.0782 -0.0373  -0.0291 0.1548
   np_qoq  0.0066   4.0549  0.0081  0.0056  0.0036  0.0016 0.5406  0.0447  0.1288   0.0242 0.1790
    ln_mv -0.0066  -3.1499 -0.0028 -0.0076 -0.0096 -0.0116 0.4650 -0.1181  0.0023  -0.0388 0.1565
  rev_qoq  0.0065   4.0734  0.0060  0.0055  0.0035  0.0015 0.5342  0.0502  0.0781   0.0211 0.1743
      gpm -0.0062  -3.2875 -0.0037 -0.0072 -0.0092 -0.0112 0.4922 -0.0335 -0.0197  -0.0233 0.1592
 S1h4_rev  0.0061   3.3565  0.0058  0.0051  0.0031  0.0011 0.5234  0.0291 -0.0931   0.0148 0.1738
     roic -0.0060  -3.0728 -0.0039 -0.0070 -0.0090 -0.0110 0.4724 -0.1353 -0.0495  -0.0414 0.1589
   dp_qoq  0.0060   3.3654  0.0062  0.0050  0.0030  0.0010 0.5308  0.0365  0.0918   0.0117 0.1625
 S2h8_rev  0.0059   2.5412  0.0065  0.0049  0.0029  0.0009 0.5263  0.0459  0.0012   0.0134 0.1822
   S2_rev  0.0056   3.2905  0.0061  0.0046  0.0026  0.0006 0.5264  0.0130 -0.0276  -0.0034 0.1749
      Gap  0.0051   2.7159  0.0020  0.0041  0.0021  0.0001 0.5154  0.0691 -0.1848   0.0234 0.1822
      roe -0.0051  -2.6194 -0.0016 -0.0061 -0.0081 -0.0101 0.4850 -0.0703 -0.0597  -0.0288 0.1549
   dp_acc  0.0049   2.5585  0.0069  0.0039  0.0019 -0.0001 0.5435 -0.0079  0.0191   0.0284 0.1750
 S2h12_np  0.0047   2.5929  0.0025  0.0037  0.0017 -0.0003 0.5153  0.0581 -0.0421   0.0212 0.1755
----------------------------------------------------------------------
E) §25 四象限 T+5 ALL（A=高基本面/低反应）
 react  fund  A_Fhi_Plow  B_Fhi_Phigh  C_Flo_Plow  D_Flo_Phigh
Cum_R3 S1_dp      0.0025       0.0029      0.0028       0.0021
Cum_R3 S1_np      0.0022       0.0020      0.0024       0.0024
Cum_R3 S2_np      0.0017       0.0028      0.0028       0.0025
Cum_R3 S3_np      0.0007       0.0022      0.0035       0.0028
   Gap S1_dp      0.0028       0.0054      0.0036       0.0039
   Gap S1_np      0.0034       0.0047      0.0022       0.0024
   Gap S2_np      0.0042       0.0048      0.0019       0.0029
   Gap S3_np      0.0010       0.0027      0.0044       0.0045
Ret_R1 S1_dp      0.0022       0.0028      0.0026       0.0033
Ret_R1 S1_np      0.0025       0.0034      0.0013       0.0022
Ret_R1 S2_np      0.0031       0.0040      0.0018       0.0019
Ret_R1 S3_np      0.0008       0.0008      0.0030       0.0034
  A - C（高基本面内 低反应 vs 低反应?）以上为各组绝对超额收益均值
  A-B = {('Cum_R3', 'S1_dp'): -0.0004, ('Cum_R3', 'S1_np'): 0.0002, ('Cum_R3', 'S2_np'): -0.0011, ('Cum_R3', 'S3_np'): -0.0015, ('Gap', 'S1_dp'): -0.0026, ('Gap', 'S1_np'): -0.0013, ('Gap', 'S2_np'): -0.0007, ('Gap', 'S3_np'): -0.0017, ('Ret_R1', 'S1_dp'): -0.0007, ('Ret_R1', 'S1_np'): -0.0008, ('Ret_R1', 'S2_np'): -0.0009, ('Ret_R1', 'S3_np'): 0.0}
----------------------------------------------------------------------
F) 审计
                              k                                                                                                           value
                       n_events                                                                                                          136194
                       n_stocks                                                                                                            4905
                      n_cohorts                                                                                                             866
                     dup_ts_end                                                                                                               0
                       dup_rate                                                                                                             0.0
                 ann_agree_rate                                                                                              0.9999118903916472
             ann_multi_src_rate                                                                                                             1.0
      announce_time_granularity                                                                        ann_date（日粒度，无时分）；假设信息最早于 ann_date 收盘后公开
 announce_to_entry_delay_median                                                                                                             1.0
    announce_to_entry_delay_p01                                                                                                             1.0
    announce_to_entry_delay_p99                                                                                                             6.0
       announce_on_weekend_rate                                                                                              0.1927764806085437
k1_strictly_after_announce_rate                                                                                                             1.0
                gap_days_median                                                                                                            39.0
               restatement_rate                                                                                                             NaN
               restatement_note 三表 parquet 同 end_date 重复行 ann_date 相同，无重述版本历史，无法还原"当时可得版本"；已改为仅用首次公告日 ann_date 锚定，不使用后续修正值（f_ann_date 已用于一致性校验）
              survivorship_note                                                  样本含已退市/已 ST 个股（按 as-of 名称剔除事件日当时为 ST/退市者），不存在"只保留存活至今个股"的幸存者偏差
              target_missing_T5                                                                                           0.0010866851696844208
             target_missing_T20                                                                                               0.017379620247588
             target_missing_T60                                                                                             0.03776965211389635
                    ind_missing                                                                                                             0.0
                     mv_missing                                                                                                             0.0
                     pe_missing                                                                                             0.17491959998237808