===== §25-a 选品分位网格（spread）=====
param_value                  0.05    0.10    0.15    0.20    0.30    0.40    0.50
feature           horizon                                                        
ATR10_pct         3       -0.0005 -0.0006 -0.0006 -0.0005 -0.0003 -0.0002 -0.0002
ATR5_pct          3       -0.0010 -0.0005 -0.0004 -0.0004 -0.0004 -0.0004 -0.0003
Close_Position_60 5       -0.0047 -0.0041 -0.0037 -0.0029 -0.0021 -0.0015 -0.0013
Close_vs_MA60     5       -0.0082 -0.0060 -0.0047 -0.0039 -0.0030 -0.0021 -0.0017
Dist_to_20D_Low   3       -0.0008 -0.0007 -0.0005 -0.0002 -0.0001  0.0000  0.0001
K_BodyAbs20       3       -0.0011 -0.0010 -0.0009 -0.0008 -0.0006 -0.0005 -0.0004
K_LargeBodyFreq20 3       -0.0011 -0.0021 -0.0017 -0.0013 -0.0009 -0.0007 -0.0005
Turnover_1        3       -0.0019 -0.0009 -0.0005 -0.0004 -0.0001 -0.0001 -0.0000
Turnover_3        3       -0.0019 -0.0008 -0.0006 -0.0004 -0.0001  0.0001  0.0000
Volume_Shock      3       -0.0029 -0.0021 -0.0016 -0.0016 -0.0012 -0.0009 -0.0008

===== §25-a 横向: 每个分位点的 spread 符号是否全一致 =====
ATR10_pct                H=3  spread=[-0.0005, -0.0006, -0.0006, -0.0005, -0.0003, -0.0002, -0.0002]  signs=[np.float64(-1.0), np.float64(-1.0), np.float64(-1.0), np.float64(-1.0), np.float64(-1.0), np.float64(-1.0), np.float64(-1.0)]  单调=N
ATR5_pct                 H=3  spread=[-0.001, -0.0005, -0.0004, -0.0004, -0.0004, -0.0004, -0.0003]  signs=[np.float64(-1.0), np.float64(-1.0), np.float64(-1.0), np.float64(-1.0), np.float64(-1.0), np.float64(-1.0), np.float64(-1.0)]  单调=N
Close_Position_60        H=5  spread=[-0.0047, -0.0041, -0.0037, -0.0029, -0.0021, -0.0015, -0.0013]  signs=[np.float64(-1.0), np.float64(-1.0), np.float64(-1.0), np.float64(-1.0), np.float64(-1.0), np.float64(-1.0), np.float64(-1.0)]  单调=Y
Close_vs_MA60            H=5  spread=[-0.0082, -0.006, -0.0047, -0.0039, -0.003, -0.0021, -0.0017]  signs=[np.float64(-1.0), np.float64(-1.0), np.float64(-1.0), np.float64(-1.0), np.float64(-1.0), np.float64(-1.0), np.float64(-1.0)]  单调=Y
Dist_to_20D_Low          H=3  spread=[-0.0008, -0.0007, -0.0005, -0.0002, -0.0001, 0.0, 0.0001]  signs=[np.float64(-1.0), np.float64(-1.0), np.float64(-1.0), np.float64(-1.0), np.float64(-1.0), np.float64(1.0), np.float64(1.0)]  单调=Y
K_BodyAbs20              H=3  spread=[-0.0011, -0.001, -0.0009, -0.0008, -0.0006, -0.0005, -0.0004]  signs=[np.float64(-1.0), np.float64(-1.0), np.float64(-1.0), np.float64(-1.0), np.float64(-1.0), np.float64(-1.0), np.float64(-1.0)]  单调=Y
K_LargeBodyFreq20        H=3  spread=[-0.0011, -0.0021, -0.0017, -0.0013, -0.0009, -0.0007, -0.0005]  signs=[np.float64(-1.0), np.float64(-1.0), np.float64(-1.0), np.float64(-1.0), np.float64(-1.0), np.float64(-1.0), np.float64(-1.0)]  单调=N
Turnover_1               H=3  spread=[-0.0019, -0.0009, -0.0005, -0.0004, -0.0001, -0.0001, -0.0]  signs=[np.float64(-1.0), np.float64(-1.0), np.float64(-1.0), np.float64(-1.0), np.float64(-1.0), np.float64(-1.0), np.float64(-1.0)]  单调=Y
Turnover_3               H=3  spread=[-0.0019, -0.0008, -0.0006, -0.0004, -0.0001, 0.0001, 0.0]  signs=[np.float64(-1.0), np.float64(-1.0), np.float64(-1.0), np.float64(-1.0), np.float64(-1.0), np.float64(1.0), np.float64(1.0)]  单调=N
Volume_Shock             H=3  spread=[-0.0029, -0.0021, -0.0016, -0.0016, -0.0012, -0.0009, -0.0008]  signs=[np.float64(-1.0), np.float64(-1.0), np.float64(-1.0), np.float64(-1.0), np.float64(-1.0), np.float64(-1.0), np.float64(-1.0)]  单调=N

===== §25-b 压力位窗口网格 (Distance_to_R{N}) =====
            ic_mean          spread        
horizon           3       5       3       5
param_value                                
10.0        -0.0263 -0.0342 -0.0000 -0.0009
15.0        -0.0173 -0.0241  0.0004 -0.0007
20.0        -0.0072 -0.0117  0.0001 -0.0005
30.0         0.0108  0.0113  0.0021  0.0031
40.0         0.0206  0.0254  0.0024  0.0040
60.0         0.0283  0.0355  0.0028  0.0045

===== §25-c VR 阈值网格 =====
                       n_rows            top_ret         
horizon                     3         5        3        5
feature param_value                                      
VR20    0.7          543514.0  543514.0  0.00358  0.00490
        0.8          434463.0  434463.0  0.00405  0.00555
        0.9          341540.0  341540.0  0.00451  0.00628
        1.0          266824.0  266824.0  0.00493  0.00689
        1.1          208659.0  208659.0  0.00525  0.00739
        1.2          164213.0  164213.0  0.00556  0.00777
        1.3          130594.0  130594.0  0.00580  0.00813
        1.4          104994.0  104994.0  0.00576  0.00822
        1.5           85353.0   85353.0  0.00590  0.00838
        1.6           69916.0   69916.0  0.00589  0.00850
VR5     0.7          659876.0  659876.0  0.00291  0.00399
        0.8          531804.0  531804.0  0.00337  0.00459
        0.9          406509.0  406509.0  0.00371  0.00503
        1.0          301557.0  301557.0  0.00404  0.00541
        1.1          221455.0  221455.0  0.00432  0.00586
        1.2          163513.0  163513.0  0.00450  0.00619
        1.3          122498.0  122498.0  0.00468  0.00643
        1.4           93159.0   93159.0  0.00447  0.00634
        1.5           72227.0   72227.0  0.00433  0.00608
        1.6           56702.0   56702.0  0.00394  0.00581

===== §29 Regime =====
                              auc                 ic_mean                 spread10                
regime                       BEAR    BULL  NORMAL    BEAR    BULL  NORMAL     BEAR    BULL  NORMAL
feature           horizon                                                                         
ATR10_pct         3        0.4492  0.4549  0.4485 -0.0630 -0.0533 -0.0634  -0.0028  0.0033 -0.0019
ATR5_pct          3        0.4477  0.4475  0.4497 -0.0641 -0.0599 -0.0606  -0.0022  0.0022 -0.0014
Close_Position_60 5        0.4444  0.4546  0.4561 -0.0679 -0.0564 -0.0511  -0.0081 -0.0000 -0.0024
Close_vs_MA60     5        0.4439  0.4549  0.4523 -0.0686 -0.0558 -0.0563  -0.0100 -0.0024 -0.0036
Dist_to_20D_Low   3        0.4614  0.4599  0.4601 -0.0470 -0.0502 -0.0509  -0.0023  0.0025 -0.0026
K_BodyAbs20       3        0.4518  0.4555  0.4556 -0.0594 -0.0541 -0.0562  -0.0032  0.0020 -0.0012
K_LargeBodyFreq20 3        0.4554  0.4573  0.4595 -0.0558 -0.0518 -0.0517  -0.0042  0.0028 -0.0022
Turnover_1        3        0.4586  0.4526  0.4530 -0.0535 -0.0588 -0.0611  -0.0018  0.0008 -0.0025
Turnover_3        3        0.4599  0.4541  0.4550 -0.0518 -0.0584 -0.0590  -0.0018  0.0010 -0.0023
Volume_Shock      3        0.4530  0.4628  0.4588 -0.0546 -0.0382 -0.0485  -0.0035  0.0001 -0.0025

方向反转标记:
          feature  horizon regime_reversed
         ATR5_pct        3           False
        ATR10_pct        3           False
       Turnover_1        3           False
      K_BodyAbs20        3           False
       Turnover_3        3           False
K_LargeBodyFreq20        3           False
  Dist_to_20D_Low        3           False
     Volume_Shock        3           False
    Close_vs_MA60        5           False
Close_Position_60        5           False

===== §27 成本 =====
                          spread_net                         top10_net                        
slip                           0.000   0.001   0.002   0.003     0.000   0.001   0.002   0.003
feature           horizon                                                                     
ATR10_pct         3          -0.0017 -0.0057 -0.0097 -0.0137    0.0014 -0.0006 -0.0026 -0.0046
ATR5_pct          3          -0.0016 -0.0056 -0.0096 -0.0136    0.0014 -0.0006 -0.0026 -0.0046
Close_Position_60 5          -0.0052 -0.0092 -0.0132 -0.0172    0.0001 -0.0019 -0.0039 -0.0059
Close_vs_MA60     5          -0.0071 -0.0111 -0.0151 -0.0191   -0.0006 -0.0026 -0.0046 -0.0066
Dist_to_20D_Low   3          -0.0018 -0.0058 -0.0098 -0.0138    0.0011 -0.0009 -0.0029 -0.0049
K_BodyAbs20       3          -0.0021 -0.0061 -0.0101 -0.0141    0.0011 -0.0009 -0.0029 -0.0049
K_LargeBodyFreq20 3          -0.0032 -0.0072 -0.0112 -0.0152    0.0010 -0.0010 -0.0030 -0.0050
Turnover_1        3          -0.0020 -0.0060 -0.0100 -0.0140    0.0008 -0.0012 -0.0032 -0.0052
Turnover_3        3          -0.0019 -0.0059 -0.0099 -0.0139    0.0008 -0.0012 -0.0032 -0.0052
Volume_Shock      3          -0.0032 -0.0072 -0.0112 -0.0152    0.0009 -0.0011 -0.0031 -0.0051

===== §28 时间稳定性 =====
                          best_share_of_positive                positive_ratio               
freq                                       month quarter   year          month quarter   year
feature           horizon                                                                    
ATR10_pct         3                        0.086   0.266  0.517          0.470   0.591  0.500
ATR5_pct          3                        0.086   0.204  0.729          0.485   0.455  0.500
Close_Position_60 5                        0.121   0.709    NaN          0.394   0.227  0.000
Close_vs_MA60     5                        0.135   0.726    NaN          0.348   0.227  0.000
Dist_to_20D_Low   3                        0.152   0.256  0.529          0.470   0.409  0.333
K_BodyAbs20       3                        0.089   0.520  0.994          0.530   0.364  0.333
K_LargeBodyFreq20 3                        0.173   0.341  0.520          0.509   0.476  0.333
Turnover_1        3                        0.151   0.238  1.000          0.533   0.467  0.250
Turnover_3        3                        0.123   0.255  1.000          0.511   0.600  0.250
Volume_Shock      3                        0.231   0.363    NaN          0.379   0.318  0.000

各年 spread 明细（year）:
best_bucket          2021    2022    2023    2024    2025
feature                                                  
ATR10_pct             NaN     NaN     NaN -0.0008     NaN
ATR5_pct          -0.0007     NaN     NaN     NaN     NaN
Close_Position_60 -0.0040     NaN     NaN     NaN     NaN
Close_vs_MA60     -0.0059     NaN     NaN     NaN     NaN
Dist_to_20D_Low       NaN     NaN     NaN -0.0007     NaN
K_BodyAbs20           NaN     NaN -0.0011     NaN     NaN
K_LargeBodyFreq20     NaN     NaN     NaN     NaN -0.0026
Turnover_1            NaN     NaN -0.0011     NaN     NaN
Turnover_3            NaN     NaN -0.0010     NaN     NaN
Volume_Shock          NaN -0.0021     NaN     NaN     NaN

季度正比例明细:
          feature  horizon  n_buckets  positive_ratio  ic_positive_ratio  best_share_of_positive
         ATR5_pct        3         22           0.455              0.000                   0.204
        ATR10_pct        3         22           0.591              0.000                   0.266
       Turnover_1        3         15           0.467              0.000                   0.238
      K_BodyAbs20        3         22           0.364              0.000                   0.520
       Turnover_3        3         15           0.600              0.000                   0.255
K_LargeBodyFreq20        3         21           0.476              0.190                   0.341
  Dist_to_20D_Low        3         22           0.409              0.091                   0.256
     Volume_Shock        3         22           0.318              0.091                   0.363
    Close_vs_MA60        5         22           0.227              0.045                   0.726
Close_Position_60        5         22           0.227              0.045                   0.709

月度正比例明细:
          feature  horizon  n_buckets  positive_ratio  ic_positive_ratio  best_share_of_positive
         ATR5_pct        3         66           0.485              0.182                   0.086
        ATR10_pct        3         66           0.470              0.182                   0.086
       Turnover_1        3         45           0.533              0.156                   0.151
      K_BodyAbs20        3         66           0.530              0.182                   0.089
       Turnover_3        3         45           0.511              0.178                   0.123
K_LargeBodyFreq20        3         57           0.509              0.281                   0.173
  Dist_to_20D_Low        3         66           0.470              0.136                   0.152
     Volume_Shock        3         66           0.379              0.136                   0.231
    Close_vs_MA60        5         66           0.348              0.182                   0.135
Close_Position_60        5         66           0.394              0.182                   0.121

===== §24 Walk Forward 汇总 =====
                          ic_mean                         spread10                        
window                         W1      W2      W3      W4       W1      W2      W3      W4
feature           horizon                                                                 
ATR10_pct         3       -0.0438 -0.0560 -0.0843 -0.0872   0.0009  0.0012 -0.0003 -0.0057
ATR5_pct          3       -0.0514 -0.0586 -0.0843 -0.0874   0.0001  0.0006 -0.0012 -0.0053
Close_Position_60 5       -0.0490 -0.0679 -0.0727 -0.0740  -0.0050 -0.0069 -0.0032 -0.0056
Close_vs_MA60     5       -0.0357 -0.0800 -0.0745 -0.0742  -0.0040 -0.0113 -0.0033 -0.0064
Dist_to_20D_Low   3       -0.0540 -0.0505 -0.0690 -0.0559  -0.0036  0.0011 -0.0005 -0.0011
K_BodyAbs20       3       -0.0356 -0.0561 -0.0779 -0.0748   0.0019 -0.0008 -0.0012 -0.0036
K_LargeBodyFreq20 3       -0.0351 -0.0563 -0.0724 -0.0698  -0.0117 -0.0019  0.0039 -0.0071
Turnover_1        3       -0.0422 -0.0521 -0.0706 -0.0671   0.0013 -0.0007 -0.0015 -0.0036
Turnover_3        3       -0.0400 -0.0479 -0.0717 -0.0677   0.0007 -0.0000 -0.0012 -0.0037
Volume_Shock      3       -0.0527 -0.0466 -0.0635 -0.0584  -0.0026 -0.0014 -0.0022 -0.0036

各窗口 IC 与 spread 的符号一致性:
ATR10_pct                H=3 IC符号=[-1, -1, -1, -1]  spread符号=[1, 1, -1, -1]
ATR5_pct                 H=3 IC符号=[-1, -1, -1, -1]  spread符号=[1, 1, -1, -1]
Close_Position_60        H=5 IC符号=[-1, -1, -1, -1]  spread符号=[-1, -1, -1, -1]
Close_vs_MA60            H=5 IC符号=[-1, -1, -1, -1]  spread符号=[-1, -1, -1, -1]
Dist_to_20D_Low          H=3 IC符号=[-1, -1, -1, -1]  spread符号=[-1, 1, -1, -1]
K_BodyAbs20              H=3 IC符号=[-1, -1, -1, -1]  spread符号=[1, -1, -1, -1]
K_LargeBodyFreq20        H=3 IC符号=[-1, -1, -1, -1]  spread符号=[-1, -1, 1, -1]
Turnover_1               H=3 IC符号=[-1, -1, -1, -1]  spread符号=[1, -1, -1, -1]
Turnover_3               H=3 IC符号=[-1, -1, -1, -1]  spread符号=[1, -1, -1, -1]
Volume_Shock             H=3 IC符号=[-1, -1, -1, -1]  spread符号=[-1, -1, -1, -1]
