### EXPERIMENTS
=== L1_分歧定义候选  (28 rows)
               def              param     N  t3_med  t3_mean  t3_win  t3_pf   t3_ex  t3_exT   t3_cT  t5_med  t5_mean  t5_win  t5_pf   t5_ex  t5_exT   t5_cT  t10_med  t10_mean  t10_win  t10_pf  t10_ex  t10_exT  t10_cT
     D1a_收盘回撤<=-1%      D1a_收盘回撤<=-1% 31003  -0.255    1.431    48.9  1.497  -0.113     NaN  -53.87  -0.847    0.988    46.2  1.274  -0.074     NaN  -48.59   -1.434     0.953     44.5   1.204  -0.083      NaN  -17.21
     D1a_收盘回撤<=-2%      D1a_收盘回撤<=-2% 30932  -0.255    1.414    48.8  1.490  -0.113     NaN  -31.51  -0.866    0.954    46.1  1.264  -0.094     NaN  -30.45   -1.457     0.919     44.4   1.197  -0.106      NaN  -16.41
     D1a_收盘回撤<=-3%      D1a_收盘回撤<=-3% 30464  -0.323    1.351    48.3  1.461  -0.182     NaN  -23.11  -1.020    0.826    45.4  1.225  -0.247     NaN  -23.73   -1.623     0.787     43.8   1.166  -0.272      NaN  -16.68
     D1a_收盘回撤<=-5%      D1a_收盘回撤<=-5% 27484  -0.821    1.085    45.9  1.341  -0.679     NaN  -27.16  -1.771    0.207    42.0  1.052  -0.999     NaN  -34.21   -2.323     0.130     41.1   1.025  -0.972      NaN  -26.23
     D1a_收盘回撤<=-8%      D1a_收盘回撤<=-8% 20011  -1.797    0.576    41.9  1.149  -1.656     NaN  -25.98  -3.422   -1.232    35.5  0.754  -2.650     NaN  -47.96   -3.821    -1.333     36.2   0.780  -2.470      NaN  -36.89
     D1b_盘中回撤<=-1%      D1b_盘中回撤<=-1% 31206  -0.148    1.633    49.3  1.570  -0.007     NaN  -13.43  -0.784    1.369    46.6  1.382  -0.012     NaN  -11.53   -1.359     1.326     44.8   1.286  -0.008      NaN   -6.43
     D1b_盘中回撤<=-2%      D1b_盘中回撤<=-2% 31197  -0.151    1.626    49.2  1.568  -0.009     NaN  -16.14  -0.786    1.358    46.6  1.379  -0.013     NaN  -13.52   -1.363     1.320     44.8   1.285  -0.012      NaN   -6.20
     D1b_盘中回撤<=-3%      D1b_盘中回撤<=-3% 31191  -0.151    1.624    49.2  1.567  -0.010     NaN  -12.50  -0.787    1.354    46.6  1.377  -0.015     NaN  -11.10   -1.368     1.318     44.8   1.284  -0.017      NaN   -5.89
     D1b_盘中回撤<=-5%      D1b_盘中回撤<=-5% 30715  -0.205    1.621    49.1  1.559  -0.063     NaN   -5.12  -0.861    1.324    46.3  1.364  -0.089     NaN   -6.63   -1.436     1.284     44.6   1.274  -0.085      NaN   -5.22
     D1b_盘中回撤<=-8%      D1b_盘中回撤<=-8% 26259  -0.371    1.739    48.4  1.549  -0.229     NaN    4.11  -1.362    1.262    44.8  1.314  -0.589     NaN   -6.32   -1.929     1.144     43.3   1.225  -0.578      NaN   -7.04
       D2_收盘位置<0.2        D2_收盘位置<0.2 24642  -1.256    0.256    43.1  1.076  -1.114     NaN  -41.58  -2.237   -0.982    38.9  0.771  -1.465     NaN  -50.39   -2.771    -0.930     38.9   0.826  -1.420      NaN  -35.77
       D2_收盘位置<0.4        D2_收盘位置<0.4 29759  -0.515    0.996    47.3  1.334  -0.374     NaN  -36.22  -1.217    0.265    44.3  1.071  -0.445     NaN  -38.04   -1.834     0.270     42.9   1.056  -0.483      NaN  -25.58
       D2_收盘位置<0.6        D2_收盘位置<0.6 30819  -0.255    1.313    48.7  1.453  -0.113     NaN  -39.53  -0.904    0.795    45.9  1.219  -0.132     NaN  -37.57   -1.504     0.762     44.2   1.162  -0.153      NaN  -19.83
       D2_收盘位置<0.8        D2_收盘位置<0.8 30989  -0.255    1.414    48.9  1.491  -0.113     NaN  -53.45  -0.850    0.962    46.2  1.266  -0.078     NaN  -47.23   -1.436     0.926     44.4   1.198  -0.086      NaN  -17.93
D2b_回撤2%且收盘位置>=0.6 D2b_回撤2%且收盘位置>=0.6  3545   4.215    6.817    71.2  6.399   4.356     NaN   27.23   3.258    6.427    63.8  4.191   4.031     NaN   21.72    2.654     6.655     58.9   3.118   4.004      NaN   16.46
D2b_回撤3%且收盘位置>=0.6 D2b_回撤3%且收盘位置>=0.6  2047   4.511    7.770    71.7  6.818   4.653     NaN   21.42   3.349    7.092    63.6  4.182   4.121     NaN   16.48    2.174     6.948     57.6   3.046   3.525      NaN   11.38
D2b_回撤2%且收盘位置>=0.8 D2b_回撤2%且收盘位置>=0.8   254   3.938    7.801    64.2  5.481   4.079     NaN    6.39   1.210    6.918    55.3  3.332   1.983     NaN    4.64    0.586     7.179     51.2   2.736   1.937      NaN    3.97
D2b_回撤3%且收盘位置>=0.8 D2b_回撤3%且收盘位置>=0.8   125   2.775    7.051    64.0  5.603   2.917     NaN    4.06   1.334    4.947    54.4  2.708   2.106     NaN    2.29    0.904     5.162     51.6   2.250   2.255      NaN    1.89
   D3_回撤2%且VR<=1.0    D3_回撤2%且VR<=1.0   638   0.082    0.352    51.8  1.152   0.224     NaN   -4.43   0.656    0.191    54.8  1.064   1.428     NaN   -3.59    0.642     0.767     52.0   1.192   1.993      NaN   -1.45
   D3_回撤2%且VR<=1.2    D3_回撤2%且VR<=1.2  1400   0.141    0.540    52.3  1.241   0.283     NaN   -5.77   0.399    0.354    52.5  1.121   1.171     NaN   -4.67    0.647     1.090     52.0   1.273   1.998      NaN   -1.09
   D3_回撤3%且VR<=1.0    D3_回撤3%且VR<=1.0  1099  -0.043    0.172    49.6  1.084   0.098     NaN   -7.69   0.004   -0.152    50.1  0.943   0.777     NaN   -6.93    0.265     0.561     50.6   1.150   1.616      NaN   -2.66
   D3_回撤3%且VR<=1.2    D3_回撤3%且VR<=1.2  2160   0.130    0.545    51.7  1.273   0.272     NaN   -7.73   0.010    0.143    50.2  1.054   0.782     NaN   -7.58    0.413     1.068     51.4   1.286   1.764      NaN   -1.49
  D4a_低点/首板收盘<=-3%   D4a_低点/首板收盘<=-3% 21072  -3.070   -2.753    27.7  0.347  -2.928     NaN -108.61  -4.045   -3.506    25.5  0.333  -3.273     NaN  -94.91   -4.667    -3.377     29.8   0.468  -3.316      NaN  -65.13
  D4b_低点/首板前收<=-3%   D4b_低点/首板前收<=-3%  3064 -10.492  -10.900     2.3  0.006 -10.351     NaN -115.07 -13.062  -13.530     2.3  0.008 -12.289     NaN -123.66  -13.084   -12.463      8.5   0.059 -11.733      NaN  -72.33
  D4a_低点/首板收盘<=-5%   D4a_低点/首板收盘<=-5% 15871  -4.572   -4.435    17.8  0.169  -4.430     NaN -121.38  -5.789   -5.484    16.7  0.170  -5.017     NaN -110.17   -6.416    -5.334     23.1   0.295  -5.065      NaN  -76.08
  D4b_低点/首板前收<=-5%   D4b_低点/首板前收<=-5%  2040 -11.851  -12.200     1.8  0.003 -11.710     NaN -103.92 -14.748  -15.221     1.5  0.006 -13.975     NaN -116.30  -14.587   -14.041      6.7   0.042 -13.236      NaN  -66.74
  D4a_低点/首板收盘<=-8%   D4a_低点/首板收盘<=-8%  9168  -6.942   -6.987     9.5  0.062  -6.800     NaN -128.44  -8.796   -8.661     8.5  0.063  -8.024     NaN -123.99   -9.377    -8.316     15.9   0.157  -8.026      NaN  -82.16
  D4b_低点/首板前收<=-8%   D4b_低点/首板前收<=-8%  1020 -14.089  -14.227     0.9  0.001 -13.947     NaN  -84.45 -17.639  -18.037     0.8  0.001 -16.867     NaN -104.94  -17.575   -17.133      4.0   0.019 -16.224      NaN  -61.19

=== L2_卖压衰减曲线  (112 rows)
             def    param     N  t3_med  t3_mean  t3_win  t3_pf  t3_ex  t3_exT  t3_cT  t5_med  t5_mean  t5_win  t5_pf  t5_ex  t5_exT  t5_cT  t10_med  t10_mean  t10_win  t10_pf  t10_ex  t10_exT  t10_cT
     V1_vr20_kd2 -inf~0.6   148  -2.478    4.586    35.1  2.253 -2.336     NaN   2.08  -1.116    7.969    46.6  2.898 -0.343     NaN   3.25    1.846     9.139     52.4   2.985   3.196      NaN    3.28
     V1_vr20_kd2  0.6~0.7   184  -2.861   -0.625    28.8  0.818 -2.720     NaN  -3.15  -3.114   -0.338    37.5  0.923 -2.341     NaN  -1.72   -3.378     0.119     40.8   1.021  -2.027      NaN   -1.07
     V1_vr20_kd2  0.7~0.8   347  -3.513   -2.665    23.3  0.389 -3.371     NaN  -8.13  -3.645   -2.373    33.8  0.530 -2.873     NaN  -6.19   -2.470    -1.267     39.6   0.782  -1.119      NaN   -2.97
     V1_vr20_kd2  0.8~0.9   591  -3.024   -2.790    27.6  0.325 -2.882     NaN -15.55  -3.462   -2.816    30.8  0.424 -2.690     NaN -10.99   -3.455    -2.591     37.2   0.574  -2.104      NaN   -8.06
     V1_vr20_kd2  0.9~1.0   877  -2.852   -2.132    28.6  0.439 -2.711     NaN -14.00  -2.722   -1.896    33.7  0.581 -1.949     NaN  -9.07   -3.206    -1.870     37.1   0.671  -1.856      NaN   -7.48
     V1_vr20_kd2  1.0~1.1  1114  -2.847   -2.522    31.2  0.376 -2.705     NaN -19.42  -3.206   -2.547    32.6  0.469 -2.434     NaN -13.90   -3.544    -2.074     37.6   0.650  -2.193      NaN   -8.93
     V1_vr20_kd2  1.1~inf 27907   0.306    2.056    51.6  1.752  0.447     NaN  20.59  -0.457    1.728    48.1  1.500  0.315     NaN  10.97   -1.154     1.639     45.5   1.364   0.197      NaN    4.78
     V2_vov0_kd2 -inf~0.5  2313  -4.805   -4.600    13.3  0.223 -4.664     NaN -32.58  -5.054   -4.184    19.5  0.328 -4.282     NaN -23.67   -5.355    -3.681     25.3   0.445  -4.004      NaN  -17.58
     V2_vov0_kd2  0.5~0.7  5129  -3.458   -3.618    24.2  0.215 -3.316     NaN -54.22  -3.782   -3.538    28.3  0.323 -3.010     NaN -39.64   -4.159    -3.023     32.1   0.495  -2.808      NaN  -26.59
     V2_vov0_kd2  0.7~0.9  5386  -1.619   -1.375    39.2  0.588 -1.477     NaN -30.48  -2.171   -1.382    38.5  0.664 -1.398     NaN -21.92   -2.626    -1.179     39.3   0.776  -1.275      NaN  -15.10
     V2_vov0_kd2  0.9~1.1  4347   0.025    0.626    50.2  1.243  0.167     NaN  -8.40  -1.018    0.392    45.7  1.111 -0.246     NaN  -6.56   -1.700     0.395     43.2   1.080  -0.350      NaN   -4.82
     V2_vov0_kd2  1.1~1.3  3025   1.351    2.515    58.4  2.166  1.493     NaN   4.90   0.586    2.151    52.9  1.749  1.358     NaN   3.49   -0.573     2.083     47.7   1.515   0.778      NaN    2.39
     V2_vov0_kd2  1.3~inf 10968   4.578    7.013    70.5  5.735  4.720     NaN  61.42   3.204    6.323    63.3  3.843  3.977     NaN  45.37    1.928     5.795     57.4   2.738   3.278      NaN   30.78
    V3_vovfd_kd2 -inf~0.5  5786  -3.588   -2.857    21.4  0.331 -3.447     NaN -44.13  -3.854   -2.598    26.7  0.455 -3.082     NaN -30.51   -4.073    -2.479     30.2   0.549  -2.722      NaN  -23.58
    V3_vovfd_kd2  0.5~0.7 12661  -2.093   -1.874    36.8  0.506 -1.952     NaN -53.29  -2.445   -1.951    37.2  0.568 -1.672     NaN -41.23   -3.018    -1.657     38.1   0.700  -1.668      NaN  -28.31
    V3_vovfd_kd2  0.7~0.9  6503   2.514    3.495    64.9  2.909  2.656     NaN  16.23   1.290    3.213    56.4  2.176  2.062     NaN  12.35    0.437     2.768     51.3   1.674   1.788      NaN    7.15
    V3_vovfd_kd2  0.9~1.1  2783   5.991    8.272    78.8  9.384  6.133     NaN  30.03   4.256    7.605    69.0  5.211  5.029     NaN  22.54    3.430     7.306     61.1   3.394   4.781      NaN   16.51
    V3_vovfd_kd2  1.1~1.3  1198   9.066   11.488    87.0 18.857  9.207     NaN  27.94   6.320   10.153    75.5  8.320  7.092     NaN  19.15    4.813     9.266     67.7   4.634   6.163      NaN   12.94
    V3_vovfd_kd2  1.3~inf  2237  11.967   14.031    89.7 29.802 12.109     NaN  45.92   8.742   12.434    78.8 12.110  9.515     NaN  32.23    6.579    12.116     69.5   6.881   7.930      NaN   22.00
      V4_run_kd2      0~1  5202   7.324    9.833    81.1 12.159  7.466     NaN  51.32   5.325    8.858    70.7  6.300  6.097     NaN  37.63    4.244     8.507     63.4   4.050   5.594      NaN   26.60
      V4_run_kd2      1~2  6805   2.614    4.580    65.0  3.590  2.756     NaN  24.47   1.416    4.113    57.6  2.597  2.189     NaN  18.24    0.607     3.781     52.1   1.984   1.958      NaN   12.43
      V4_run_kd2      2~3  6725  -1.874   -0.928    37.4  0.730 -1.733     NaN -25.69  -0.369    0.952    48.2  1.280  0.403     NaN  -3.63   -1.005     1.005     46.1   1.222   0.346      NaN   -2.54
      V4_run_kd2    3~inf 12465  -2.622   -2.010    33.9  0.494 -2.480     NaN -54.59  -3.727   -3.027    29.7  0.398 -2.955     NaN -55.04   -4.067    -2.822     32.4   0.521  -2.716      NaN  -39.46
V6_dvol_uvol_kd2 -inf~0.5  6496   7.268   11.187    86.1 33.087  7.410     NaN  70.44   6.362   11.297    76.9 13.210  7.134     NaN  55.63    5.515    10.972     69.2   6.747   6.866      NaN   41.41
V6_dvol_uvol_kd2  0.5~0.8  5919   0.752    1.566    56.3  1.911  0.893     NaN  -1.03   0.149    1.316    50.9  1.507  0.921     NaN  -0.93   -0.471     1.406     48.0   1.365   0.880      NaN   -0.20
V6_dvol_uvol_kd2  0.8~1.1  4326   1.027    2.532    56.2  2.333  1.169     NaN   6.52   0.419    2.075    52.2  1.742  1.191     NaN   3.96   -0.778     1.561     46.7   1.362   0.573      NaN    0.55
V6_dvol_uvol_kd2  1.1~1.5  3203  -0.255    0.966    48.6  1.395 -0.113     NaN  -4.81  -0.977    0.513    45.6  1.158 -0.205     NaN  -5.15   -1.766     0.016     43.1   1.004  -0.415      NaN   -6.16
V6_dvol_uvol_kd2  1.5~inf  1238   0.464    2.094    51.6  1.823  0.605     NaN   1.60  -1.126    1.030    44.6  1.308 -0.353     NaN  -1.30   -0.973     1.269     45.1   1.304   0.378      NaN   -0.42
     V1_vr20_kd3 -inf~0.6   120  -3.800   -0.610    23.3  0.854 -3.658     NaN  -2.15  -4.036    1.794    33.3  1.349 -3.264     NaN   0.19   -1.388     3.327     44.4   1.637  -0.037      NaN    0.95
     V1_vr20_kd3  0.6~0.7   193  -3.498   -3.069    19.7  0.270 -3.356     NaN  -9.56  -3.816   -2.881    31.6  0.429 -3.044     NaN  -5.34   -4.182    -2.545     34.2   0.574  -2.831      NaN   -4.47
     V1_vr20_kd3  0.7~0.8   415  -3.345   -3.162    24.6  0.252 -3.204     NaN -15.11  -4.201   -3.364    28.0  0.350 -3.428     NaN -10.14   -3.742    -2.513     38.0   0.579  -2.391      NaN   -6.46
     V1_vr20_kd3  0.8~0.9   759  -3.487   -3.573    23.6  0.210 -3.346     NaN -22.96  -4.081   -4.052    26.0  0.261 -3.309     NaN -17.77   -4.356    -4.118     31.7   0.379  -3.005      NaN  -13.98
     V1_vr20_kd3  0.9~1.0  1036  -3.023   -2.911    29.0  0.300 -2.881     NaN -21.73  -3.519   -3.174    30.0  0.359 -2.747     NaN -16.98   -3.665    -2.285     35.2   0.619  -2.314      NaN   -8.73
     V1_vr20_kd3  1.0~1.1  1340  -2.789   -2.571    30.2  0.348 -2.647     NaN -23.35  -3.206   -2.997    30.6  0.369 -2.434     NaN -19.27   -3.715    -2.636     34.0   0.553  -2.364      NaN  -12.45
     V1_vr20_kd3  1.1~inf 27305   0.451    2.265    52.4  1.845  0.592     NaN  33.79  -0.255    1.995    49.0  1.590  0.517     NaN  21.86   -0.967     1.881     46.2   1.424   0.384      NaN   10.73
     V2_vov0_kd3 -inf~0.5  2798  -4.975   -5.598    11.9  0.090 -4.834     NaN -54.99  -5.606   -5.773    14.7  0.147 -4.834     NaN -42.26   -5.970    -5.233     21.3   0.266  -4.620      NaN  -31.71
     V2_vov0_kd3  0.5~0.7  5605  -3.299   -3.528    24.8  0.210 -3.157     NaN -56.28  -3.890   -3.777    26.9  0.276 -3.117     NaN -44.93   -4.200    -3.128     31.7   0.475  -2.849      NaN  -28.37
     V2_vov0_kd3  0.7~0.9  5558  -1.326   -1.113    41.3  0.648 -1.185     NaN -28.08  -1.906   -1.293    39.3  0.677 -1.134     NaN -21.56   -2.612    -1.109     39.4   0.792  -1.261      NaN  -14.51
     V2_vov0_kd3  0.9~1.1  4139   0.681    1.297    54.1  1.554  0.822     NaN  -2.84   0.083    1.182    50.5  1.380  0.855     NaN  -1.55   -0.832     1.088     46.4   1.247   0.519      NaN   -1.66
     V2_vov0_kd3  1.1~1.3  2915   1.577    2.865    59.6  2.407  1.719     NaN   6.80   1.073    2.714    56.1  2.032  1.845     NaN   6.16    0.195     2.944     50.8   1.754   1.546      NaN    5.15
     V2_vov0_kd3  1.3~inf 10153   5.090    7.737    72.5  6.673  5.232     NaN  64.28   3.824    7.289    65.8  4.553  4.596     NaN  49.85    2.470     6.547     59.1   3.071   3.821      NaN   33.28
    V3_vovfd_kd3 -inf~0.5  8085  -3.742   -3.643    21.2  0.203 -3.600     NaN -68.58  -4.384   -4.051    22.4  0.244 -3.612     NaN -55.87   -4.719    -3.788     27.0   0.374  -3.368      NaN  -40.29
    V3_vovfd_kd3  0.5~0.7 11613  -1.328   -1.104    41.7  0.672 -1.186     NaN -39.09  -1.770   -1.399    40.5  0.662 -0.998     NaN -32.75   -2.352    -1.080     40.5   0.794  -1.001      NaN  -21.75
    V3_vovfd_kd3  0.7~0.9  5774   2.887    4.217    67.0  3.545  3.028     NaN  20.46   2.488    4.523    61.6  2.929  3.260     NaN  19.27    1.388     4.040     55.1   2.074   2.739      NaN   12.41
    V3_vovfd_kd3  0.9~1.1  2490   6.743    9.220    81.7 12.046  6.884     NaN  31.61   5.703    9.281    74.8  7.581  6.475     NaN  26.24    4.617     8.848     65.5   4.319   5.968      NaN   18.73
    V3_vovfd_kd3  1.1~1.3  1109   9.769   11.791    86.6 22.854  9.910     NaN  28.43   7.598   11.016    78.5 11.141  8.371     NaN  21.15    5.486     9.293     67.8   4.991   6.837      NaN   14.27
    V3_vovfd_kd3  1.3~inf  2097  13.112   15.522    91.9 35.354 13.254     NaN  48.41  10.698   14.267    81.6 15.010 11.470     NaN  34.93    8.102    13.717     72.0   8.349   9.453      NaN   23.55
      V4_run_kd3      0~1  5202   7.324    9.833    81.1 12.159  7.466     NaN  51.32   5.325    8.858    70.7  6.300  6.097     NaN  37.63    4.244     8.507     63.4   4.050   5.594      NaN   26.60
      V4_run_kd3      1~2  6805   2.614    4.580    65.0  3.590  2.756     NaN  24.47   1.416    4.113    57.6  2.597  2.189     NaN  18.24    0.607     3.781     52.1   1.984   1.958      NaN   12.43
      V4_run_kd3      2~3  6725  -1.874   -0.928    37.4  0.730 -1.733     NaN -25.69  -0.369    0.952    48.2  1.280  0.403     NaN  -3.63   -1.005     1.005     46.1   1.222   0.346      NaN   -2.54
      V4_run_kd3    3~inf 12465  -2.622   -2.010    33.9  0.494 -2.480     NaN -54.59  -3.727   -3.027    29.7  0.398 -2.955     NaN -55.04   -4.067    -2.822     32.4   0.521  -2.716      NaN  -39.46
V6_dvol_uvol_kd3 -inf~0.5  9472   4.041    6.973    73.4  8.208  4.183     NaN  55.34   4.889    9.120    74.8  9.868  5.661     NaN  63.26    4.275     8.829     65.9   5.053   5.626      NaN   45.27
V6_dvol_uvol_kd3  0.5~0.8  2865   1.056    3.407    56.0  2.590  1.198     NaN   8.90   2.245    4.742    61.7  3.511  3.017     NaN  15.61    1.466     4.504     55.4   2.436   2.817      NaN   10.90
V6_dvol_uvol_kd3  0.8~1.1  1350   0.244    2.092    52.1  2.047  0.386     NaN   1.70  -0.600    1.325    45.6  1.521  0.173     NaN  -0.40   -0.870     1.374     46.0   1.370   0.481      NaN   -0.18
V6_dvol_uvol_kd3  1.1~1.5  3262   0.223    1.243    51.4  1.572  0.364     NaN  -3.00  -1.768   -1.041    39.1  0.707 -0.995     NaN -16.73   -2.445    -1.162     39.3   0.761  -1.094      NaN  -12.50
V6_dvol_uvol_kd3  1.5~inf  8989  -2.377   -1.168    37.3  0.713 -2.236     NaN -31.50  -3.117   -2.244    33.9  0.519 -2.345     NaN -37.37   -3.409    -1.968     35.5   0.650  -2.058      NaN  -25.96
     V1_vr20_kd4 -inf~0.6   121  -3.830   -2.014    24.0  0.527 -3.689     NaN  -4.32  -4.636   -1.570    28.1  0.717 -3.864     NaN  -2.04   -2.932     0.670     39.8   1.118  -1.582      NaN   -0.44
     V1_vr20_kd4  0.6~0.7   229  -3.343   -3.222    20.1  0.180 -3.201     NaN -14.36  -4.354   -4.143    25.3  0.186 -3.581     NaN -11.40   -4.731    -3.721     30.3   0.414  -3.380      NaN   -6.98
     V1_vr20_kd4  0.7~0.8   504  -3.785   -3.987    21.0  0.168 -3.644     NaN -20.77  -4.806   -4.879    22.4  0.192 -4.034     NaN -16.98   -4.952    -4.614     31.0   0.333  -3.602      NaN  -12.31
     V1_vr20_kd4  0.8~0.9   860  -3.529   -3.642    25.1  0.205 -3.388     NaN -24.70  -4.585   -4.729    22.0  0.181 -3.813     NaN -23.03   -4.385    -3.815     31.0   0.418  -3.034      NaN  -12.97
     V1_vr20_kd4  0.9~1.0  1285  -3.095   -2.753    30.0  0.317 -2.953     NaN -24.66  -3.769   -3.598    27.7  0.295 -2.997     NaN -22.31   -4.378    -3.152     33.5   0.495  -3.027      NaN  -13.49
     V1_vr20_kd4  1.0~1.1  1588  -2.631   -2.757    30.4  0.322 -2.490     NaN -26.88  -3.745   -3.581    28.3  0.293 -2.973     NaN -25.18   -4.011    -3.021     33.8   0.505  -2.660      NaN  -15.28
     V1_vr20_kd4  1.1~inf 26581   0.557    2.435    53.0  1.926  0.699     NaN  40.71   0.012    2.271    50.1  1.691  0.785     NaN  32.10   -0.815     2.124     46.9   1.488   0.536      NaN   16.12
     V2_vov0_kd4 -inf~0.5  3332  -4.844   -5.521    12.8  0.069 -4.702     NaN -63.44  -5.757   -6.379    11.8  0.083 -4.984     NaN -55.65   -6.137    -5.769     19.8   0.203  -4.787      NaN  -39.75
     V2_vov0_kd4  0.5~0.7  5928  -3.026   -3.191    27.8  0.254 -2.884     NaN -54.73  -3.891   -3.849    26.5  0.254 -3.119     NaN -48.62   -4.175    -3.260     32.1   0.454  -2.825      NaN  -30.98
     V2_vov0_kd4  0.7~0.9  5576  -1.061   -0.863    42.9  0.716 -0.920     NaN -25.05  -1.726   -1.228    40.6  0.684 -0.953     NaN -21.44   -2.565    -0.938     39.4   0.821  -1.214      NaN  -13.39
     V2_vov0_kd4  0.9~1.1  4020   0.857    1.658    55.3  1.723  0.999     NaN  -0.05   0.580    1.562    53.0  1.540  1.353     NaN   0.80   -0.467     1.532     48.2   1.363   0.884      NaN    0.41
     V2_vov0_kd4  1.1~1.3  2815   1.813    3.136    60.2  2.604  1.955     NaN   8.13   1.415    3.059    57.4  2.217  2.188     NaN   7.74    0.381     3.029     51.6   1.799   1.731      NaN    5.47
     V2_vov0_kd4  1.3~inf  9497   5.394    8.137    73.3  7.182  5.536     NaN  63.97   4.644    8.251    68.8  5.432  5.416     NaN  54.09    3.124     7.411     61.2   3.497   4.475      NaN   36.17
    V3_vovfd_kd4 -inf~0.5  9716  -3.569   -3.565    23.3  0.212 -3.427     NaN -73.87  -4.680   -4.690    20.1  0.171 -3.908     NaN -71.38   -4.887    -4.250     26.2   0.321  -3.537      NaN  -48.90
    V3_vovfd_kd4  0.5~0.7 10866  -0.709   -0.397    45.8  0.870 -0.568     NaN -27.69  -1.148   -0.862    43.6  0.770 -0.376     NaN -25.66   -1.914    -0.668     42.4   0.867  -0.563      NaN  -17.49
    V3_vovfd_kd4  0.7~0.9  5349   3.147    4.706    67.6  3.914  3.289     NaN  22.53   3.337    5.472    66.7  3.733  4.109     NaN  23.90    2.085     5.009     57.5   2.434   3.436      NaN   15.84
    V3_vovfd_kd4  0.9~1.1  2270   6.625    9.074    79.9 10.960  6.766     NaN  29.10   7.042   10.536    78.3 10.274  7.814     NaN  29.00    5.573     9.917     68.9   5.314   6.924      NaN   20.43
    V3_vovfd_kd4  1.1~1.3  1028  10.092   12.222    87.7 21.921 10.234     NaN  28.19   9.484   12.897    83.1 15.264 10.256     NaN  23.49    6.742    11.288     71.1   6.741   8.093      NaN   15.58
    V3_vovfd_kd4  1.3~inf  1939  13.830   16.135    91.6 36.138 13.972     NaN  47.61  12.228   15.942    83.6 18.084 13.000     NaN  36.61    9.196    14.945     74.5   9.670  10.547      NaN   24.49
      V4_run_kd4      0~1  5202   7.324    9.833    81.1 12.159  7.466     NaN  51.32   5.325    8.858    70.7  6.300  6.097     NaN  37.63    4.244     8.507     63.4   4.050   5.594      NaN   26.60
      V4_run_kd4      1~2  6805   2.614    4.580    65.0  3.590  2.756     NaN  24.47   1.416    4.113    57.6  2.597  2.189     NaN  18.24    0.607     3.781     52.1   1.984   1.958      NaN   12.43
      V4_run_kd4      2~3  6725  -1.874   -0.928    37.4  0.730 -1.733     NaN -25.69  -0.369    0.952    48.2  1.280  0.403     NaN  -3.63   -1.005     1.005     46.1   1.222   0.346      NaN   -2.54
      V4_run_kd4    3~inf 12465  -2.622   -2.010    33.9  0.494 -2.480     NaN -54.59  -3.727   -3.027    29.7  0.398 -2.955     NaN -55.04   -4.067    -2.822     32.4   0.521  -2.716      NaN  -39.46
V6_dvol_uvol_kd4 -inf~0.5  6870   4.169    7.144    72.2  7.642  4.310     NaN  44.26   7.684   12.320    84.2 25.047  8.456     NaN  68.07    6.795    12.248     73.8   9.475   8.146      NaN   49.05
V6_dvol_uvol_kd4  0.5~0.8  4431   1.850    3.758    62.0  3.377  1.992     NaN  14.49   1.546    3.404    60.6  3.124  2.319     NaN  12.90    0.960     3.163     54.2   2.059   2.310      NaN    8.46
V6_dvol_uvol_kd4  0.8~1.1  4547   0.625    2.352    53.9  2.041  0.767     NaN   4.70   0.719    2.164    54.4  1.942  1.492     NaN   5.01   -0.192     1.931     48.9   1.507   1.159      NaN    2.41
V6_dvol_uvol_kd4  1.1~1.5  2699  -1.065    0.178    43.6  1.058 -0.924     NaN  -8.74  -1.813   -0.475    38.6  0.858 -1.041     NaN -11.10   -2.224    -0.382     40.1   0.916  -0.873      NaN   -7.61
V6_dvol_uvol_kd4  1.5~inf 10017  -2.726   -1.576    34.8  0.628 -2.585     NaN -39.45  -4.658   -4.276    23.4  0.252 -3.885     NaN -65.44   -4.986    -4.078     28.3   0.379  -3.635      NaN  -47.04
     V1_vr20_kd5 -inf~0.6   111  -3.830   -3.692    18.9  0.177 -3.689     NaN  -9.44  -4.832   -4.959    20.7  0.184 -4.059     NaN  -7.25   -5.577    -4.030     26.9   0.407  -4.226      NaN   -4.36
     V1_vr20_kd5  0.6~0.7   251  -3.729   -3.757    18.7  0.145 -3.587     NaN -16.08  -5.098   -5.093    19.5  0.127 -4.326     NaN -14.17   -5.186    -4.263     28.8   0.372  -3.835      NaN   -7.89
     V1_vr20_kd5  0.7~0.8   609  -3.665   -3.983    22.5  0.165 -3.523     NaN -23.28  -4.739   -5.024    22.7  0.154 -3.967     NaN -21.37   -4.952    -4.543     28.2   0.328  -3.602      NaN  -12.99
     V1_vr20_kd5  0.8~0.9  1031  -3.569   -3.536    25.6  0.220 -3.428     NaN -26.80  -4.867   -4.887    22.3  0.168 -4.095     NaN -27.04   -5.249    -4.597     29.0   0.345  -3.899      NaN  -17.62
     V1_vr20_kd5  0.9~1.0  1462  -3.096   -3.049    28.1  0.282 -2.954     NaN -27.64  -4.233   -4.238    24.6  0.229 -3.461     NaN -27.54   -4.677    -3.993     31.0   0.395  -3.327      NaN  -18.38
     V1_vr20_kd5  1.0~1.1  1906  -2.697   -2.727    32.8  0.344 -2.556     NaN -28.01  -4.192   -3.869    26.8  0.276 -3.420     NaN -28.28   -4.533    -3.577     31.1   0.435  -3.182      NaN  -19.07
     V1_vr20_kd5  1.1~inf 25798   0.676    2.627    53.7  2.028  0.817     NaN  46.10   0.243    2.554    51.2  1.806  1.015     NaN  40.64   -0.568     2.439     47.9   1.577   0.783      NaN   22.73
     V2_vov0_kd5 -inf~0.5  3871  -4.855   -5.600    13.7  0.064 -4.714     NaN -69.74  -5.910   -6.674    11.5  0.061 -5.138     NaN -65.60   -6.391    -6.292     18.5   0.157  -5.040      NaN  -48.28
     V2_vov0_kd5  0.5~0.7  6209  -2.718   -2.853    30.2  0.295 -2.577     NaN -52.05  -3.783   -3.837    26.9  0.240 -3.011     NaN -51.23   -4.271    -3.552     31.2   0.411  -2.920      NaN  -34.89
     V2_vov0_kd5  0.7~0.9  5529  -0.637   -0.326    45.8  0.884 -0.496     NaN -19.24  -1.474   -0.946    42.2  0.742 -0.702     NaN -19.49   -2.026    -0.536     41.2   0.893  -0.675      NaN  -11.10
     V2_vov0_kd5  0.9~1.1  3869   0.907    1.911    55.3  1.843  1.048     NaN   1.74   0.889    1.875    54.5  1.681  1.661     NaN   2.66   -0.255     1.938     48.9   1.474   1.096      NaN    2.15
     V2_vov0_kd5  1.1~1.3  2776   1.961    3.257    61.0  2.767  2.102     NaN   8.80   1.871    3.478    59.1  2.452  2.643     NaN   9.40    1.107     3.579     54.5   2.006   2.458      NaN    7.28
     V2_vov0_kd5  1.3~inf  8914   5.681    8.460    73.8  7.535  5.823     NaN  62.98   5.166    9.013    70.8  6.230  5.938     NaN  56.22    3.713     8.219     63.1   3.936   5.064      NaN   38.47
    V3_vovfd_kd5 -inf~0.5 11095  -3.402   -3.386    25.4  0.241 -3.261     NaN -75.51  -4.702   -4.831    20.4  0.157 -3.930     NaN -78.86   -5.176    -4.705     25.0   0.275  -3.825      NaN  -57.13
    V3_vovfd_kd5  0.5~0.7 10237  -0.199    0.213    48.9  1.076 -0.057     NaN -18.61  -0.742   -0.362    46.1  0.895  0.031     NaN -19.42   -1.233    -0.101     44.9   0.979   0.118      NaN  -12.32
    V3_vovfd_kd5  0.7~0.9  4934   3.438    5.185    68.1  4.357  3.580     NaN  24.24   3.963    6.161    69.8  4.554  4.735     NaN  27.05    3.071     5.984     60.9   2.917   4.422      NaN   19.11
    V3_vovfd_kd5  0.9~1.1  2140   6.689    8.978    78.6 10.265  6.830     NaN  27.70   8.367   11.667    81.2 12.749  9.140     NaN  30.43    6.439    11.205     71.2   6.338   7.790      NaN   21.91
    V3_vovfd_kd5  1.1~1.3   943   9.774   11.784    86.5 18.150  9.916     NaN  25.66   9.910   13.336    85.3 17.633 10.683     NaN  23.58    7.457    11.737     72.5   7.317   8.808      NaN   15.76
    V3_vovfd_kd5  1.3~inf  1819  14.328   16.573    91.3 35.707 14.470     NaN  46.42  13.866   17.494    85.2 21.394 14.639     NaN  37.91   10.722    16.519     76.6  11.384  12.073      NaN   25.66
      V4_run_kd5      0~1  5202   7.324    9.833    81.1 12.159  7.466     NaN  51.32   5.325    8.858    70.7  6.300  6.097     NaN  37.63    4.244     8.507     63.4   4.050   5.594      NaN   26.60
      V4_run_kd5      1~2  6805   2.614    4.580    65.0  3.590  2.756     NaN  24.47   1.416    4.113    57.6  2.597  2.189     NaN  18.24    0.607     3.781     52.1   1.984   1.958      NaN   12.43
      V4_run_kd5      2~3  6725  -1.874   -0.928    37.4  0.730 -1.733     NaN -25.69  -0.369    0.952    48.2  1.280  0.403     NaN  -3.63   -1.005     1.005     46.1   1.222   0.346      NaN   -2.54
      V4_run_kd5    3~inf 12465  -2.622   -2.010    33.9  0.494 -2.480     NaN -54.59  -3.727   -3.027    29.7  0.398 -2.955     NaN -55.04   -4.067    -2.822     32.4   0.521  -2.716      NaN  -39.46
V6_dvol_uvol_kd5 -inf~0.5  5932   3.777    6.577    71.0  7.057  3.918     NaN  36.78   6.615   11.134    80.9 18.702  7.387     NaN  54.62    7.381    13.364     76.3  12.477   8.732      NaN   47.43
V6_dvol_uvol_kd5  0.5~0.8  5521   1.758    3.927    60.6  3.132  1.899     NaN  16.79   2.412    4.903    63.5  3.924  3.184     NaN  22.95    2.520     5.369     60.6   3.189   3.871      NaN   20.70
V6_dvol_uvol_kd5  0.8~1.1  3533   0.590    2.310    53.6  2.021  0.731     NaN   4.02  -0.051    1.682    49.7  1.666  0.722     NaN   1.45   -0.696     1.214     47.0   1.335   0.655      NaN   -1.07
V6_dvol_uvol_kd5  1.1~1.5  4345  -0.009    1.567    50.0  1.596  0.133     NaN  -0.66  -0.896    0.483    45.1  1.149 -0.124     NaN  -6.07   -2.007    -0.484     41.0   0.896  -0.656      NaN  -10.15
V6_dvol_uvol_kd5  1.5~inf 10498  -3.058   -1.927    32.6  0.564 -2.917     NaN -45.45  -4.986   -4.519    22.7  0.253 -4.214     NaN -69.09   -5.974    -5.282     24.1   0.270  -4.623      NaN  -60.37

=== L2_缩量阈值  (28 rows)
          def   param    N  t3_med  t3_mean  t3_win  t3_pf  t3_ex  t3_exT  t3_cT  t5_med  t5_mean  t5_win  t5_pf  t5_ex  t5_exT  t5_cT  t10_med  t10_mean  t10_win  t10_pf  t10_ex  t10_exT  t10_cT
C_V1<=0.6_kd2 V1<=0.6  148  -2.478    4.586    35.1  2.253 -2.336     NaN   2.08  -1.116    7.969    46.6  2.898 -0.343     NaN   3.25    1.846     9.139     52.4   2.985   3.196      NaN    3.28
C_V1<=0.7_kd2 V1<=0.7  332  -2.683    1.698    31.6  1.480 -2.541     NaN   0.04  -2.131    3.365    41.6  1.779 -1.358     NaN   1.79   -0.904     4.094     45.9   1.793   0.446      NaN    2.10
C_V1<=0.8_kd2 V1<=0.8  679  -3.058   -0.532    27.4  0.866 -2.916     NaN  -4.76  -2.888    0.437    37.6  1.093 -2.115     NaN  -1.60   -2.110     1.346     42.7   1.245  -0.759      NaN   -0.12
C_V1<=0.9_kd2 V1<=0.9 1270  -3.048   -1.583    27.5  0.608 -2.906     NaN -11.60  -3.209   -1.078    34.4  0.774 -2.436     NaN  -6.68   -2.683    -0.487     40.1   0.916  -1.332      NaN   -4.08
C_V1<=1.0_kd2 V1<=1.0 2147  -2.991   -1.807    27.9  0.541 -2.849     NaN -17.60  -3.019   -1.412    34.1  0.698 -2.247     NaN -10.77   -2.981    -1.052     38.9   0.816  -1.630      NaN   -7.58
C_V1<=1.1_kd2 V1<=1.1 3261  -2.982   -2.051    29.1  0.484 -2.841     NaN -25.06  -3.088   -1.799    33.6  0.618 -2.316     NaN -16.42   -3.183    -1.401     38.5   0.758  -1.832      NaN  -11.30
C_V1<=1.2_kd2 V1<=1.2 4594  -2.838   -2.026    30.3  0.483 -2.696     NaN -30.72  -2.852   -1.752    34.7  0.616 -2.080     NaN -20.42   -2.933    -1.361     38.7   0.761  -1.582      NaN  -13.85
C_V1<=0.6_kd3 V1<=0.6  120  -3.800   -0.610    23.3  0.854 -3.658     NaN  -2.15  -4.036    1.794    33.3  1.349 -3.264     NaN   0.19   -1.388     3.327     44.4   1.637  -0.037      NaN    0.95
C_V1<=0.7_kd3 V1<=0.7  313  -3.598   -2.126    21.1  0.493 -3.457     NaN  -7.44  -3.906   -1.088    32.3  0.786 -3.134     NaN  -2.85   -3.196    -0.329     38.1   0.942  -1.845      NaN   -1.89
C_V1<=0.8_kd3 V1<=0.8  728  -3.467   -2.717    23.1  0.355 -3.326     NaN -15.36  -4.042   -2.386    29.8  0.535 -3.270     NaN  -8.22   -3.453    -1.577     38.0   0.730  -2.102      NaN   -5.67
C_V1<=0.9_kd3 V1<=0.9 1487  -3.471   -3.154    23.3  0.278 -3.330     NaN -26.34  -4.055   -3.236    27.8  0.391 -3.283     NaN -16.94   -3.973    -2.877     34.8   0.540  -2.622      NaN  -13.05
C_V1<=1.0_kd3 V1<=1.0 2523  -3.311   -3.054    25.6  0.287 -3.170     NaN -33.85  -3.794   -3.211    28.7  0.378 -3.021     NaN -23.66   -3.843    -2.634     35.0   0.571  -2.492      NaN  -15.64
C_V1<=1.1_kd3 V1<=1.1 3863  -3.125   -2.886    27.2  0.307 -2.983     NaN -40.53  -3.588   -3.136    29.4  0.375 -2.816     NaN -30.25   -3.764    -2.635     34.6   0.565  -2.413      NaN  -20.01
C_V1<=1.2_kd3 V1<=1.2 5451  -3.033   -2.762    28.8  0.330 -2.891     NaN -46.27  -3.530   -2.982    30.5  0.394 -2.758     NaN -35.41   -3.667    -2.405     35.7   0.595  -2.316      NaN  -22.60
C_V1<=0.6_kd4 V1<=0.6  121  -3.830   -2.014    24.0  0.527 -3.689     NaN  -4.32  -4.636   -1.570    28.1  0.717 -3.864     NaN  -2.04   -2.932     0.670     39.8   1.118  -1.582      NaN   -0.44
C_V1<=0.7_kd4 V1<=0.7  350  -3.454   -2.805    21.4  0.306 -3.313     NaN -12.09  -4.516   -3.253    26.3  0.380 -3.744     NaN  -7.78   -4.372    -2.223     33.5   0.637  -3.021      NaN   -4.70
C_V1<=0.8_kd4 V1<=0.8  854  -3.640   -3.502    21.2  0.219 -3.498     NaN -23.21  -4.727   -4.213    24.0  0.263 -3.954     NaN -17.08   -4.715    -3.640     32.0   0.448  -3.364      NaN  -11.76
C_V1<=0.9_kd4 V1<=0.9 1714  -3.615   -3.573    23.2  0.212 -3.474     NaN -33.46  -4.653   -4.472    23.0  0.222 -3.881     NaN -27.70   -4.494    -3.728     31.5   0.433  -3.143      NaN  -17.47
C_V1<=1.0_kd4 V1<=1.0 2999  -3.345   -3.221    26.1  0.254 -3.204     NaN -40.59  -4.303   -4.098    25.0  0.251 -3.530     NaN -35.20   -4.448    -3.482     32.3   0.459  -3.097      NaN  -22.05
C_V1<=1.1_kd4 V1<=1.1 4587  -3.137   -3.061    27.6  0.276 -2.996     NaN -47.49  -4.128   -3.919    26.2  0.265 -3.356     NaN -42.54   -4.336    -3.322     32.8   0.474  -2.985      NaN  -26.76
C_V1<=1.2_kd4 V1<=1.2 6501  -3.101   -2.958    28.6  0.298 -2.959     NaN -53.57  -4.092   -3.770    26.6  0.284 -3.320     NaN -48.37   -4.201    -3.132     32.8   0.498  -2.850      NaN  -30.31
C_V1<=0.6_kd5 V1<=0.6  111  -3.830   -3.692    18.9  0.177 -3.689     NaN  -9.44  -4.832   -4.959    20.7  0.184 -4.059     NaN  -7.25   -5.577    -4.030     26.9   0.407  -4.226      NaN   -4.36
C_V1<=0.7_kd5 V1<=0.7  362  -3.735   -3.737    18.8  0.155 -3.593     NaN -18.49  -5.062   -5.052    19.9  0.145 -4.290     NaN -15.50   -5.288    -4.193     28.2   0.382  -3.937      NaN   -8.94
C_V1<=0.8_kd5 V1<=0.8  971  -3.684   -3.892    21.1  0.162 -3.542     NaN -29.38  -4.912   -5.035    21.6  0.151 -4.140     NaN -26.19   -5.082    -4.414     28.2   0.348  -3.731      NaN  -15.71
C_V1<=0.9_kd5 V1<=0.9 2002  -3.668   -3.709    23.4  0.191 -3.526     NaN -38.85  -4.908   -4.959    22.0  0.159 -4.135     NaN -37.05   -5.191    -4.508     28.6   0.346  -3.840      NaN  -23.43
C_V1<=1.0_kd5 V1<=1.0 3464  -3.434   -3.430    25.4  0.228 -3.292     NaN -46.17  -4.662   -4.655    23.1  0.188 -3.890     NaN -44.95   -4.975    -4.291     29.6   0.366  -3.624      NaN  -29.50
C_V1<=1.1_kd5 V1<=1.1 5370  -3.222   -3.181    28.0  0.267 -3.080     NaN -52.27  -4.490   -4.376    24.4  0.217 -3.718     NaN -51.56   -4.837    -4.038     30.1   0.390  -3.486      NaN  -34.68
C_V1<=1.2_kd5 V1<=1.2 7526  -3.100   -3.017    29.0  0.292 -2.959     NaN -58.19  -4.265   -4.197    25.3  0.235 -3.493     NaN -58.00   -4.743    -3.887     30.5   0.404  -3.392      NaN  -39.67

=== L3_结构未破  (12 rows)
              def             param    N  t3_med  t3_mean  t3_win     t3_pf  t3_ex  t3_exT  t3_cT  t5_med  t5_mean  t5_win  t5_pf  t5_ex  t5_exT  t5_cT  t10_med  t10_mean  t10_win  t10_pf  t10_ex  t10_exT  t10_cT
     S1_low_gt_L0      S1_low_gt_L0 1814  -2.195   -0.377    32.6     0.868 -2.053     NaN  -9.65  -2.081    0.156    38.8  1.043 -1.309     NaN  -4.39   -2.041     0.545     42.5   1.115  -0.691      NaN   -2.48
S2_low_gt_bodymid S2_low_gt_bodymid  899   0.505    3.572    55.6     4.706  0.647     NaN   5.33   0.789    4.627    56.1  3.603  1.561     NaN   6.49    1.511     5.132     55.9   2.767   2.862      NaN    6.10
     S3_low_gt_C0      S3_low_gt_C0  154   8.845   16.527    99.4 22668.175  8.987     NaN  11.37   9.741   21.218    91.6 81.102 10.513     NaN  10.26   11.305    20.443     81.0  21.299  12.656      NaN    8.25
    S4_low_gt_pc0     S4_low_gt_pc0 1856  -2.225   -0.378    32.1     0.867 -2.083     NaN  -9.84  -2.081    0.177    38.5  1.050 -1.309     NaN  -4.43   -1.974     0.618     42.6   1.134  -0.623      NaN   -2.33
     S5_cl_gt_ma5      S5_cl_gt_ma5  777   0.283    0.978    53.2     2.136  0.424     NaN  -4.77   0.200    0.882    51.4  1.463  0.973     NaN  -2.22    0.346     1.594     51.9   1.519   1.697      NaN    0.40
    S6_cl_gt_ma10     S6_cl_gt_ma10 1277  -1.551    0.638    37.5     1.249 -1.409     NaN  -3.57  -1.690    1.332    40.1  1.411 -0.918     NaN  -0.26   -1.683     1.403     43.3   1.328  -0.332      NaN   -0.08
    S7_cl_gt_ma20     S7_cl_gt_ma20 1132  -2.025    0.097    34.3     1.031 -1.884     NaN  -4.81  -2.197    0.837    36.6  1.217 -1.425     NaN  -1.36   -2.386     0.817     40.0   1.169  -1.035      NaN   -1.21
           S8_dd5            S8_dd5  734   0.867    4.549    59.1     6.165  1.009     NaN   6.65   1.371    5.988    60.2  5.098  2.143     NaN   7.72    1.819     6.442     60.0   3.801   3.170      NaN    7.15
           S8_dd8            S8_dd8 1439  -1.349    1.098    39.1     1.555 -1.207     NaN  -2.29  -0.965    1.932    44.6  1.747 -0.193     NaN   1.48   -0.545     2.414     47.9   1.667   0.806      NaN    2.34
          S8_dd10           S8_dd10 1734  -2.024    0.051    33.7     1.020 -1.883     NaN  -7.49  -1.726    0.736    40.2  1.233 -0.953     NaN  -2.37   -1.523     1.244     44.4   1.300  -0.172      NaN   -0.54
          S8_dd12           S8_dd12 1904  -2.389   -0.579    31.1     0.804 -2.248     NaN -11.07  -2.232   -0.058    37.5  0.984 -1.460     NaN  -5.40   -2.093     0.346     41.9   1.074  -0.742      NaN   -3.19
          S8_dd15           S8_dd15 2049  -2.753   -1.230    29.1     0.643 -2.611     NaN -14.77  -2.647   -0.798    35.5  0.809 -1.875     NaN  -8.37   -2.499    -0.414     40.2   0.921  -1.148      NaN   -5.57

=== L4_再启动  (7 rows)
def param    N  t3_med  t3_mean  t3_win  t3_pf  t3_ex  t3_exT  t3_cT  t5_med  t5_mean  t5_win  t5_pf  t5_ex  t5_exT  t5_cT  t10_med  t10_mean  t10_win  t10_pf  t10_ex  t10_exT  t10_cT
 R1    R1 1310  -1.719    0.467    37.9  1.165 -1.577     NaN  -4.17   0.024    2.659    50.5  2.032  0.796     NaN   3.28    2.347     5.307     61.0   3.325   3.698      NaN    8.84
 R2    R2 1174  -1.867    0.295    36.9  1.102 -1.725     NaN  -4.69   0.209    2.909    51.6  2.148  0.981     NaN   3.74    3.375     6.068     63.4   3.860   4.726      NaN    9.81
 R3    R3 1174  -1.867    0.295    36.9  1.102 -1.725     NaN  -4.69   0.209    2.909    51.6  2.148  0.981     NaN   3.74    3.375     6.068     63.4   3.860   4.726      NaN    9.81
 R4    R4 2127  -3.005   -1.870    27.6  0.527 -2.864     NaN -17.96  -3.051   -1.485    33.9  0.683 -2.279     NaN -11.10   -2.991    -1.161     38.8   0.797  -1.640      NaN   -8.03
 R5    R5 2065  -3.058   -2.002    27.3  0.499 -2.916     NaN -18.58  -3.152   -1.741    32.8  0.633 -2.380     NaN -12.19   -3.071    -1.544     38.2   0.732  -1.720      NaN   -9.60
 R6    R6  983  -1.933    0.482    36.7  1.164 -1.791     NaN  -3.50  -0.059    3.079    49.7  2.149  0.713     NaN   3.59    3.507     6.728     63.9   4.153   4.858      NaN    9.63
 R7    R7 1163  -1.885    0.251    36.8  1.086 -1.743     NaN  -4.84   0.206    2.898    51.6  2.139  0.978     NaN   3.69    3.436     6.115     63.4   3.880   4.787      NaN    9.82

=== L5_再启动量能  (8 rows)
     def   param    N  t3_med  t3_mean  t3_win  t3_pf  t3_ex  t3_exT  t3_cT  t5_med  t5_mean  t5_win  t5_pf  t5_ex  t5_exT  t5_cT  t10_med  t10_mean  t10_win  t10_pf  t10_ex  t10_exT  t10_cT
R2_vt0.0 VR>=0.0 1174  -1.867    0.295    36.9  1.102 -1.725     NaN  -4.69   0.209    2.909    51.6  2.148  0.981     NaN   3.74    3.375     6.068     63.4   3.860   4.726      NaN    9.81
R2_vt1.0 VR>=1.0  913  -2.167   -0.355    33.3  0.886 -2.025     NaN  -6.19  -0.715    1.606    46.5  1.569  0.057     NaN   0.43    1.940     4.853     59.8   3.036   3.291      NaN    6.54
R2_vt1.1 VR>=1.1  825  -2.181   -0.234    33.2  0.925 -2.039     NaN  -5.33  -0.958    1.636    45.5  1.561 -0.186     NaN   0.47    1.684     4.795     58.8   2.937   3.035      NaN    5.94
R2_vt1.2 VR>=1.2  728  -2.266   -0.164    32.4  0.949 -2.124     NaN  -4.60  -1.208    1.576    43.0  1.508 -0.435     NaN   0.29    1.522     4.575     57.0   2.748   2.873      NaN    5.03
R2_vt1.3 VR>=1.3  636  -2.525   -0.074    31.8  0.978 -2.383     NaN  -3.89  -1.445    1.634    41.0  1.496 -0.673     NaN   0.37    1.446     4.758     56.9   2.788   2.797      NaN    4.77
R2_vt1.5 VR>=1.5  500  -2.661    0.510    31.8  1.148 -2.519     NaN  -2.07  -1.840    2.391    41.4  1.696 -1.068     NaN   1.39    1.168     5.380     55.0   2.936   2.518      NaN    4.57
R2_vt1.8 VR>=1.8  313  -2.710    2.351    34.2  1.680 -2.569     NaN   0.81  -1.907    4.527    41.9  2.317 -1.135     NaN   2.96    0.278     6.512     51.6   3.115   1.628      NaN    3.93
R2_vt2.0 VR>=2.0  241  -2.420    3.686    37.8  2.095 -2.278     NaN   1.91  -1.409    6.171    44.8  2.859 -0.637     NaN   3.68    0.096     7.518     50.4   3.319   1.447      NaN    3.86

=== L6_Entry  (6 rows)
def param    N  t3_med  t3_mean  t3_win  t3_pf  t3_ex  t3_exT  t3_cT  t5_med  t5_mean  t5_win  t5_pf  t5_ex  t5_exT  t5_cT  t10_med  t10_mean  t10_win  t10_pf  t10_ex  t10_exT  t10_cT
 E1    E1 2147  -2.991   -1.807    27.9  0.541 -2.849     NaN -17.60  -3.019   -1.412    34.1  0.698 -2.247     NaN -10.77   -2.981    -1.052     38.9   0.816  -1.630      NaN   -7.58
 E2    E2 1310  -1.719    0.467    37.9  1.165 -1.577     NaN  -4.17   0.024    2.659    50.5  2.032  0.796     NaN   3.28    2.347     5.307     61.0   3.325   3.698      NaN    8.84
 E3    E3 1174  -1.867    0.295    36.9  1.102 -1.725     NaN  -4.69   0.209    2.909    51.6  2.148  0.981     NaN   3.74    3.375     6.068     63.4   3.860   4.726      NaN    9.81
 E4    E4  728  -2.266   -0.164    32.4  0.949 -2.124     NaN  -4.60  -1.208    1.576    43.0  1.508 -0.435     NaN   0.29    1.522     4.575     57.0   2.748   2.873      NaN    5.03
 E5    E5  721  -2.305   -0.156    32.3  0.952 -2.163     NaN  -4.54  -1.234    1.563    42.4  1.499 -0.461     NaN   0.27    1.510     4.516     56.9   2.714   2.861      NaN    4.90
 E6    E6 2085  -2.995   -1.777    28.1  0.551 -2.853     NaN -17.00  -2.890   -1.308    34.6  0.719 -2.118     NaN -10.12   -2.749    -0.856     39.8   0.849  -1.399      NaN   -6.84

### LAYERS (ALL)
=== LAYER_Regime  (12 rows)
            def   param     N  t3_med  t3_mean  t3_win  t3_pf  t3_ex  t3_exT  t3_cT  t5_med  t5_mean  t5_win  t5_pf  t5_ex  t5_exT  t5_cT  t10_med  t10_mean  t10_win  t10_pf  t10_ex  t10_exT  t10_cT
      B_分歧|bear    bear  2540   1.389    2.775    59.3  2.274  1.530     NaN   5.59   1.577    3.226    59.1  2.293  2.349     NaN   7.41    2.437     4.962     59.6   2.689   3.787      NaN   10.95
   C_分歧+缩量|bear    bear   311  -0.991   -0.240    43.1  0.901 -0.849     NaN  -4.94  -0.512    0.272    46.3  1.091  0.260     NaN  -2.05    1.479     1.745     56.5   1.493   2.830      NaN    0.42
    G_完整结构|bear    bear   106  -0.016    0.593    50.0  1.272  0.521    0.33  -1.60   0.749    1.261    56.0  1.548  1.382    1.63  -0.13   -0.559     1.002     47.5   1.261   0.832     0.58   -0.23
   B_分歧|neutral neutral 15667  -0.525    1.295    47.4  1.415 -0.383     NaN  -6.01  -1.193    1.011    45.0  1.264 -0.420     NaN  -5.61   -1.984     0.772     42.8   1.157  -0.634      NaN   -6.83
C_分歧+缩量|neutral neutral   971  -3.311   -2.152    23.7  0.498 -3.170     NaN -12.21  -3.521   -1.669    32.4  0.670 -2.749     NaN  -7.55   -4.069    -1.808     36.1   0.718  -2.718      NaN   -6.39
 G_完整结构|neutral neutral   265  -1.184   -1.356    42.1  0.625 -0.260   -0.94  -5.85  -1.706   -1.984    37.3  0.580 -1.009   -1.33  -5.00   -3.237    -3.386     34.3   0.477  -2.571    -2.24   -5.55
    B_分歧|strong  strong  5455   0.222    2.381    51.2  1.955  0.363     NaN   5.29  -0.753    2.036    46.6  1.622  0.019     NaN   3.67   -1.299     1.932     44.7   1.449   0.051      NaN    2.37
 C_分歧+缩量|strong  strong   315  -3.838   -2.214    25.1  0.517 -3.697     NaN  -6.17  -4.605   -2.327    27.1  0.596 -3.832     NaN  -4.55   -4.605    -1.430     31.9   0.785  -3.254      NaN   -2.71
  G_完整结构|strong  strong    74  -0.939    0.764    46.4  1.235  0.715    0.61  -0.76  -0.580    0.795    48.5  1.191 -0.382    0.19  -0.37   -3.636    -1.572     43.6   0.743  -5.392    -1.27   -1.64
      B_分歧|weak    weak  7535  -0.256    1.377    48.3  1.485 -0.114     NaN  -2.72  -0.921    0.954    45.6  1.258 -0.149     NaN  -3.71   -1.502     0.773     44.1   1.159  -0.151      NaN   -4.03
   C_分歧+缩量|weak    weak   550  -2.920   -1.853    28.5  0.515 -2.778     NaN  -9.85  -2.546   -1.388    34.4  0.680 -1.773     NaN  -5.55   -2.909    -1.085     37.9   0.793  -1.559      NaN   -4.20
    G_完整结构|weak    weak   198  -1.044    0.574    45.2  1.218  0.054    0.46  -1.73  -1.403   -0.628    41.7  0.837 -0.561   -0.99  -2.51   -0.417    -0.839     45.3   0.834   0.449     0.92   -1.85

=== LAYER_首板质量  (9 rows)
           def  param     N  t3_med  t3_mean  t3_win  t3_pf  t3_ex  t3_exT  t3_cT  t5_med  t5_mean  t5_win  t5_pf  t5_ex  t5_exT  t5_cT  t10_med  t10_mean  t10_win  t10_pf  t10_ex  t10_exT  t10_cT
   B_分歧|Normal Normal 14252   0.115    1.627    50.7  1.622  0.257     NaN  -0.57  -0.411    1.375    48.0  1.414  0.361     NaN  -0.68   -1.036     1.267     46.0   1.284   0.315      NaN   -1.65
C_分歧+缩量|Normal Normal   853  -3.773   -2.656    20.8  0.409 -3.631     NaN -13.43  -3.641   -2.227    26.4  0.561 -2.869     NaN  -8.73   -4.033    -2.386     32.9   0.607  -2.683      NaN   -7.75
 G_完整结构|Normal Normal   271  -0.827   -0.195    46.5  0.930 -0.040   -0.16  -3.92  -0.874   -1.051    44.1  0.721  0.145    0.82  -4.14   -1.389    -1.095     44.0   0.781   0.233     0.13   -2.75
   B_分歧|Strong Strong  7078   0.956    3.089    55.4  2.276  1.097     NaN  12.05   0.602    3.000    52.6  1.939  1.374     NaN  10.72    0.339     3.134     51.0   1.720   1.689      NaN    9.01
C_分歧+缩量|Strong Strong  1236  -2.452   -1.871    32.0  0.481 -2.311     NaN -17.04  -2.249   -1.734    38.7  0.610 -1.477     NaN -10.87   -2.122    -1.017     42.5   0.817  -0.772      NaN   -6.29
 G_完整结构|Strong Strong   350  -1.171   -0.179    43.6  0.941 -0.257   -0.92  -4.06  -1.017   -0.376    43.0  0.903 -0.338    0.18  -2.89   -1.766    -1.785     38.2   0.688  -1.211    -0.15   -3.84
     B_分歧|Weak   Weak  9867  -1.343    0.574    42.7  1.162 -1.201     NaN -11.74  -2.189    0.154    40.2  1.036 -1.417     NaN -11.66   -2.883     0.097     38.7   1.019  -1.532      NaN   -9.67
  C_分歧+缩量|Weak   Weak    58  -1.379   12.050    46.6  5.146 -1.238     NaN   3.23   0.279   17.413    50.0  5.740  1.051     NaN   3.78    0.187    18.082     50.9   5.098   1.538      NaN    3.22
   G_完整结构|Weak   Weak    22  -1.874   -0.243    45.5  0.957 -3.051     NaN  -0.60  -5.753   -0.944    36.4  0.873 -8.246     NaN  -0.61   -7.233    -6.782     44.4   0.304 -16.802      NaN   -2.38

=== LAYER_板块  (12 rows)
         def param     N  t3_med  t3_mean  t3_win  t3_pf   t3_ex  t3_exT  t3_cT  t5_med  t5_mean  t5_win  t5_pf  t5_ex  t5_exT  t5_cT  t10_med  t10_mean  t10_win  t10_pf  t10_ex  t10_exT  t10_cT
    B_分歧|BSE   BSE   387  -3.861    3.640    42.5  1.509  -3.720     NaN   1.47  -6.000    1.713    38.3  1.211 -5.228     NaN   0.21   -5.163     5.704     41.5   1.714  -3.812      NaN    2.16
 C_分歧+缩量|BSE   BSE     8 -10.259   21.502    25.0  3.577 -10.118     NaN   0.93 -10.245   14.781    25.0  2.445 -9.473     NaN   0.68  -11.611    19.751     25.0   2.774 -10.260      NaN    0.78
  G_完整结构|BSE   BSE     1  -1.938   -1.938     0.0  0.000     NaN     NaN    NaN   1.561    1.561   100.0    NaN    NaN     NaN    NaN    7.244     7.244    100.0     NaN     NaN      NaN     NaN
    B_分歧|GEM   GEM  4575  -0.726    1.810    47.5  1.440  -0.584     NaN   0.77  -2.317    1.154    42.1  1.230 -1.545     NaN  -1.26   -3.518     0.743     40.1   1.118  -2.167      NaN   -2.62
 C_分歧+缩量|GEM   GEM   124  -7.009   -6.344    21.0  0.155  -6.868     NaN  -8.78  -6.952   -5.566    25.2  0.266 -6.180     NaN  -6.99   -8.469    -3.645     32.2   0.570  -7.119      NaN   -3.25
  G_完整结构|GEM   GEM    18   1.507    1.285    62.5  1.519     NaN     NaN  -0.18  -1.812    3.018    46.7  1.960    NaN     NaN   0.58    0.412     0.646     53.8   1.133     NaN      NaN   -0.15
   B_分歧|MAIN  MAIN 24984  -0.053    1.562    49.7  1.629   0.089     NaN  -2.47  -0.513    1.376    47.6  1.435  0.260     NaN  -1.11   -1.021     1.293     45.7   1.307   0.330      NaN   -2.27
C_分歧+缩量|MAIN  MAIN  1930  -2.812   -1.474    28.8  0.590  -2.671     NaN -16.56  -2.704   -0.999    35.4  0.768 -1.932     NaN  -8.99   -2.483    -0.678     40.1   0.873  -1.132      NaN   -6.34
 G_完整结构|MAIN  MAIN   616  -1.020   -0.156    44.8  0.948  -0.265   -1.13  -5.31  -1.001   -0.699    43.4  0.823 -0.001    0.87  -4.72   -1.653    -1.634     40.6   0.703  -0.980    -0.28   -4.99
   B_分歧|STAR  STAR  1251  -0.380    1.600    48.8  1.353  -0.238     NaN  -0.16  -1.729    1.637    44.4  1.306 -0.956     NaN   0.41   -1.982     2.637     44.6   1.440  -0.631      NaN    1.94
C_分歧+缩量|STAR  STAR    85  -5.557   -4.940    18.8  0.199  -5.415     NaN  -7.94  -7.356   -6.292    18.8  0.228 -6.584     NaN  -5.80   -8.821    -7.792     23.5   0.248  -7.470      NaN   -6.12
 G_完整结构|STAR  STAR     8  -2.235   -5.970    14.3  0.024     NaN     NaN  -2.55  -5.577   -7.895    14.3  0.050    NaN     NaN  -2.34   -9.917   -13.344     20.0   0.084     NaN      NaN   -2.14

=== LAYER_市值档  (9 rows)
          def param    N  t3_med  t3_mean  t3_win  t3_pf  t3_ex  t3_exT  t3_cT  t5_med  t5_mean  t5_win  t5_pf  t5_ex  t5_exT  t5_cT  t10_med  t10_mean  t10_win  t10_pf  t10_ex  t10_exT  t10_cT
   B_分歧|Large Large 7313   0.118    1.508    50.8  1.559  0.260     NaN  -1.51  -0.520    1.283    47.5  1.373  0.252     NaN  -1.15   -1.119     1.381     45.5   1.310   0.232      NaN   -0.36
C_分歧+缩量|Large Large  584  -3.176   -2.407    26.2  0.381 -3.034     NaN -13.05  -3.092   -2.456    32.1  0.490 -2.320     NaN  -9.37   -2.920    -1.912     38.8   0.667  -1.569      NaN   -6.13
 G_完整结构|Large Large  185  -1.285   -0.822    41.9  0.739 -0.556   -2.66  -4.45  -0.749   -0.815    45.9  0.795 -0.466   -1.15  -2.97   -1.957    -1.464     42.5   0.738  -0.719     0.05   -2.58
     B_分歧|Mid   Mid 7014  -0.350    1.540    48.2  1.520 -0.208     NaN  -1.09  -1.115    1.273    45.1  1.343 -0.343     NaN  -1.13   -1.820     1.132     43.2   1.233  -0.469      NaN   -1.72
  C_分歧+缩量|Mid   Mid  428  -3.525   -2.283    23.1  0.504 -3.384     NaN  -8.38  -4.071   -2.089    30.8  0.633 -3.299     NaN  -5.15   -4.607    -1.699     37.1   0.759  -3.256      NaN   -3.60
   G_完整结构|Mid   Mid  107   0.207    0.972    51.5  1.314  1.222    1.91  -0.66  -1.368   -0.246    41.7  0.942 -0.489   -0.10  -1.28   -2.470    -1.752     41.5   0.709  -2.244    -0.88   -1.82
   B_分歧|Small Small 6735  -0.738    1.770    46.1  1.524 -0.596     NaN   0.77  -1.587    1.206    43.5  1.289 -0.814     NaN  -1.42   -1.988     1.123     42.9   1.222  -0.637      NaN   -1.62
C_分歧+缩量|Small Small  300  -2.847   -0.058    30.3  0.986 -2.706     NaN  -2.08  -1.747    1.087    40.0  1.259 -0.974     NaN  -0.36   -1.982     1.500     44.3   1.305  -0.631      NaN    0.06
 G_完整结构|Small Small   83  -1.733   -0.819    40.0  0.775 -0.480   -0.44  -2.54  -1.804   -1.551    38.9  0.693 -1.563   -0.98  -2.06   -2.031    -2.961     30.8   0.519  -1.694    -0.32   -2.73

=== LAYER_换手档  (9 rows)
         def param    N  t3_med  t3_mean  t3_win  t3_pf  t3_ex  t3_exT  t3_cT  t5_med  t5_mean  t5_win  t5_pf  t5_ex  t5_exT  t5_cT  t10_med  t10_mean  t10_win  t10_pf  t10_ex  t10_exT  t10_cT
   B_分歧|High  High 7299  -0.804    1.103    46.3  1.304 -0.662     NaN  -4.62  -1.816    0.564    42.4  1.124 -1.044     NaN  -6.02   -2.809     0.435     40.7   1.075  -1.458      NaN   -5.36
C_分歧+缩量|High  High  403  -3.911   -2.864    22.8  0.463 -3.769     NaN  -7.11  -3.778   -2.553    32.1  0.576 -3.006     NaN  -5.41   -4.559    -1.382     37.0   0.802  -3.208      NaN   -3.04
 G_完整结构|High  High   99  -1.730   -0.094    43.2  0.975 -0.203   -0.31  -1.70  -0.570   -1.040    46.7  0.785 -0.582    0.06  -1.95   -2.494    -3.283     34.5   0.528  -2.331    -1.02   -2.96
    B_分歧|Low   Low 6749   0.138    2.258    50.8  1.892  0.280     NaN   5.04  -0.409    2.070    48.2  1.656  0.363     NaN   4.44   -0.937     1.963     45.8   1.492   0.413      NaN    2.89
 C_分歧+缩量|Low   Low  404  -2.690   -0.502    30.4  0.848 -2.548     NaN  -4.60  -2.363   -0.183    36.4  0.955 -1.591     NaN  -2.49   -2.289    -0.556     41.2   0.894  -0.939      NaN   -2.77
  G_完整结构|Low   Low  125  -1.186   -0.959    44.4  0.720  0.274   -0.11  -3.62  -1.471   -1.696    38.9  0.624 -1.826   -2.05  -3.28   -3.167    -1.674     39.6   0.731  -3.090    -1.06   -1.93
    B_分歧|Mid   Mid 7014  -0.301    1.492    48.4  1.531 -0.159     NaN  -1.54  -0.941    1.189    46.0  1.336 -0.169     NaN  -1.79   -1.309     1.308     45.4   1.294   0.042      NaN   -0.77
 C_分歧+缩量|Mid   Mid  505  -3.024   -2.066    25.3  0.472 -2.882     NaN -10.33  -3.311   -1.781    32.3  0.629 -2.538     NaN  -6.11   -2.728    -1.215     40.1   0.789  -1.377      NaN   -4.00
  G_完整结构|Mid   Mid  151  -0.939    0.087    44.8  1.032  0.704    0.68  -2.30  -0.548    0.088    44.4  1.024 -0.237   -0.35  -1.33   -1.221    -1.004     43.4   0.785   0.444    -0.42   -2.15

### COST
=== COST_滑点  (8 rows)
             def     param   N  t3_med  t3_mean  t3_win  t3_pf  t3_ex  t3_exT  t3_cT  t5_med  t5_mean  t5_win  t5_pf  t5_ex  t5_exT  t5_cT  t10_med  t10_mean  t10_win  t10_pf  t10_ex  t10_exT  t10_cT
F_分歧+缩量+结构未破+再启动 slip=0.0% 192  -1.066   -0.879   0.424  0.741  0.016   0.250    NaN  -1.357   -1.284   0.423  0.721  0.284   0.908    NaN   -1.798    -2.169    0.411   0.618   1.716    2.308     NaN
        G_F+量能确认 slip=0.0% 107  -1.430   -0.660   0.450  0.812  0.149   0.083    NaN  -1.506   -1.796   0.396  0.629 -0.079  -0.026    NaN   -2.569    -3.212    0.390   0.528  -0.388    0.876     NaN
F_分歧+缩量+结构未破+再启动 slip=0.1% 192  -1.266   -1.079   0.413  0.693 -0.184  -0.010    NaN  -1.557   -1.484   0.406  0.685  0.084   0.686    NaN   -1.998    -2.369    0.405   0.591   1.516    2.099     NaN
        G_F+量能确认 slip=0.1% 107  -1.630   -0.860   0.450  0.762 -0.051  -0.031    NaN  -1.706   -1.996   0.385  0.598 -0.279  -0.227    NaN   -2.769    -3.412    0.390   0.508  -0.588    0.782     NaN
F_分歧+缩量+结构未破+再启动 slip=0.2% 192  -1.466   -1.279   0.408  0.648 -0.384  -0.271    NaN  -1.757   -1.684   0.400  0.652 -0.116   0.463    NaN   -2.198    -2.569    0.392   0.565   1.316    1.890     NaN
        G_F+量能确认 slip=0.2% 107  -1.830   -1.060   0.440  0.715 -0.251  -0.145    NaN  -1.906   -2.196   0.374  0.569 -0.479  -0.429    NaN   -2.969    -3.612    0.364   0.488  -0.788    0.689     NaN
F_分歧+缩量+结构未破+再启动 slip=0.3% 192  -1.666   -1.479   0.402  0.606 -0.584  -0.532    NaN  -1.957   -1.884   0.383  0.620 -0.316   0.241    NaN   -2.398    -2.769    0.386   0.541   1.116    1.681     NaN
        G_F+量能确认 slip=0.3% 107  -2.030   -1.260   0.430  0.672 -0.451  -0.260    NaN  -2.106   -2.396   0.341  0.541 -0.679  -0.630    NaN   -3.169    -3.812    0.351   0.469  -0.988    0.596     NaN

### OOS file
=== OOS_分期  (28 rows)
           group     N  T3_med  T3_mean  T3_win  T3_pf  T3_ex  T3_exT  T3_buckets  T5_med  T5_mean  T5_win  T5_pf  T5_ex  T5_exT  T5_buckets  T10_med  T10_mean  T10_win  T10_pf  T10_ex  T10_exT  T10_buckets
          A_全部首板 13888   0.043    1.711  50.266  1.666  0.000     NaN         1.0  -0.490    1.487  47.738  1.456  0.000     NaN         1.0   -1.052     1.334   45.908   1.305   0.000      NaN          1.0
          A_全部首板 12699  -0.397    1.751  48.071  1.561  0.000     NaN         1.0  -1.099    1.537  45.188  1.403  0.000     NaN         1.0   -1.697     1.925   43.777   1.418   0.000      NaN          1.0
          A_全部首板  4668  -0.046    1.286  49.783  1.427  0.000     NaN         1.0  -0.756    0.956  47.180  1.243  0.000     NaN         1.0   -1.494     0.385   44.634   1.069   0.000      NaN          1.0
          A_全部首板 31255  -0.142    1.665  49.301  1.582  0.000     NaN         1.0  -0.772    1.430  46.616  1.399  0.000     NaN         1.0   -1.351     1.442   44.853   1.311   0.000      NaN          1.0
         B_第一次分歧 13873  -1.383   -0.510  40.826  0.842 -0.145  -3.107         5.0  -1.793   -0.784  39.647  0.803 -0.152  -2.483         5.0   -2.446    -0.901   40.101   0.825  -0.192   -2.776          5.0
         B_第一次分歧 12681  -1.934   -1.065  38.964  0.736 -0.221  -2.695         5.0  -2.520   -1.323  37.737  0.726 -0.282  -3.099         5.0   -2.918    -0.745   38.661   0.865  -0.269   -3.146          5.0
         B_第一次分歧  4643  -1.285   -0.520  42.302  0.848 -0.097  -1.326         4.0  -1.724   -1.023  42.397  0.773 -0.118  -2.813         4.0   -2.724    -1.542   40.562   0.750  -0.115   -2.448          4.0
         B_第一次分歧 31197  -1.585   -0.738  40.283  0.794 -0.185  -3.332         5.0  -2.050   -1.039  39.265  0.764 -0.195  -2.814         5.0   -2.662    -0.928   39.576   0.830  -0.219   -3.155          5.0
         C_分歧+缩量  1032  -0.874   -0.051  42.580  0.980  0.193     NaN         1.0  -1.034   -0.086  43.162  0.973  0.328     NaN         1.0   -1.699    -0.549   42.704   0.881   0.317      NaN          1.0
         C_分歧+缩量   684   0.268    0.895  52.485  1.379  1.596     NaN         2.0   0.999    2.017  55.117  1.718  2.409     NaN         2.0    1.176     2.289   54.399   1.616   2.759      NaN          2.0
         C_分歧+缩量   431  -1.407   -1.380  40.187  0.590 -0.181     NaN         1.0  -1.857   -1.611  42.389  0.642 -0.166     NaN         1.0   -2.072    -1.448   41.647   0.751   0.671      NaN          1.0
         C_分歧+缩量  2147  -0.594   -0.014  45.264  0.995  0.628     NaN         2.0  -0.589    0.282  46.825  1.085  0.869     NaN         2.0   -0.988     0.178   46.230   1.039   0.935      NaN          2.0
    D_分歧+缩量+结构未破   861  -0.779    0.010  43.206  1.005  0.294     NaN         1.0  -0.863   -0.035  44.135  0.988  0.487     NaN         1.0   -1.461    -0.546   43.488   0.877   0.564      NaN          1.0
    D_分歧+缩量+结构未破   560   0.422    1.111  53.750  1.501  1.795     NaN         2.0   1.130    2.209  56.429  1.832  2.599     NaN         2.0    1.842     2.627   56.964   1.775   3.383      NaN          2.0
    D_分歧+缩量+结构未破   313  -0.811   -0.302  44.516  0.881  0.415     NaN         1.0  -0.941   -0.758  46.602  0.794  0.750     NaN         1.0   -1.403    -0.275   44.951   0.942   1.340      NaN          1.0
    D_分歧+缩量+结构未破  1734  -0.393    0.310  46.852  1.135  0.848     NaN         2.0  -0.255    0.562  48.555  1.190  1.189     NaN         2.0   -0.558     0.531   48.118   1.128   1.345      NaN          2.0
     E_分歧+缩量+再启动   536  -0.839   -0.160  43.640  0.942 -0.412  -1.864        12.0  -1.247   -0.472  43.699  0.864 -0.088  -0.292        12.0   -1.261    -0.196   44.498   0.960   0.175    0.190         12.0
     E_分歧+缩量+再启动   412   0.367    0.924  53.283  1.378  1.152   1.148        12.0   0.326    1.072  52.062  1.335  1.018   1.582        12.0   -0.255     0.393   48.148   1.097   0.077    1.147         12.0
     E_分歧+缩量+再启动   226  -1.174   -0.738  41.860  0.786  0.557   1.214        12.0  -1.428   -1.273  41.667  0.730  0.342   0.833        11.0   -1.895    -1.631   41.758   0.720   1.171    1.259         11.0
     E_分歧+缩量+再启动  1174  -0.530    0.112  46.702  1.040  0.332   0.613        12.0  -0.629   -0.070  46.310  0.981  0.524   1.911        12.0   -0.943    -0.253   45.321   0.947   0.203    1.525         12.0
F_分歧+缩量+结构未破+再启动   482  -0.858   -0.172  43.261  0.936 -0.514  -2.879        12.0  -1.247   -0.391  43.567  0.885 -0.143  -0.080        12.0   -1.409    -0.378   43.421   0.923  -0.112   -0.078         12.0
F_分歧+缩量+结构未破+再启动   374   0.514    1.015  54.144  1.430  1.241   1.495        12.0   0.367    1.133  53.107  1.364  0.977   1.668        12.0   -0.323     0.381   47.840   1.094   0.095    1.215         12.0
F_分歧+缩量+结构未破+再启动   192  -1.266   -1.079  41.304  0.693  0.022   0.820         9.0  -1.557   -1.484  40.571  0.685  0.236   1.294         9.0   -1.998    -2.369   40.506   0.591   1.516    2.099          9.0
F_分歧+缩量+结构未破+再启动  1048  -0.504    0.089  46.819  1.033  0.314   0.225        12.0  -0.583   -0.033  46.502  0.991  0.526   2.411        12.0   -0.997    -0.458   44.548   0.904   0.065    1.172         12.0
     G_F+再启动量能确认   327  -0.922   -0.257  43.279  0.907 -0.602  -1.365        12.0  -1.325   -0.846  41.522  0.768 -0.717  -1.060        12.0   -1.608    -1.632   40.678   0.691  -1.045   -0.863         12.0
     G_F+再启动量能确认   209  -0.768    0.250  47.264  1.079  0.178  -0.448        12.0  -0.361    0.167  47.938  1.042 -0.350   0.205        12.0   -1.603    -0.955   42.105   0.821  -1.464   -0.425         12.0
     G_F+再启动量能确认   107  -1.630   -0.860  45.000  0.762  0.451   0.389         6.0  -1.706   -1.996  38.462  0.598  0.055   0.375         6.0   -2.769    -3.412   38.961   0.508  -0.588    0.782          6.0
     G_F+再启动量能确认   643  -1.020   -0.188  44.884  0.938 -0.362  -2.232        12.0  -1.041   -0.686  43.206  0.827 -0.219   0.508        12.0   -1.671    -1.676   40.909   0.699  -0.991   -0.454         12.0

=== WF_窗口  (56 rows)
           group    N  T3_med  T3_mean  T3_win  T3_pf  T3_ex  T3_exT  T3_buckets  T5_med  T5_mean  T5_win  T5_pf  T5_ex  T5_exT  T5_buckets  T10_med  T10_mean  T10_win  T10_pf  T10_ex  T10_exT  T10_buckets
          A_全部首板 3746  -0.255      NaN     NaN    NaN -0.411     NaN         NaN  -1.124      NaN     NaN    NaN -0.869     NaN         NaN   -1.479       NaN      NaN     NaN  -0.634      NaN          NaN
         B_第一次分歧 3738  -1.748      NaN     NaN    NaN -0.733  -2.690         NaN  -1.966      NaN     NaN    NaN -0.461  -2.758         NaN   -2.999       NaN      NaN     NaN  -1.101   -2.862          NaN
         C_分歧+缩量  197  -1.110      NaN     NaN    NaN -0.113     NaN         NaN  -2.018      NaN     NaN    NaN -0.776     NaN         NaN   -2.639       NaN      NaN     NaN  -0.953      NaN          NaN
    D_分歧+缩量+结构未破  163  -1.143      NaN     NaN    NaN -0.146     NaN         NaN  -1.981      NaN     NaN    NaN -0.739     NaN         NaN   -2.378       NaN      NaN     NaN  -0.693      NaN          NaN
     E_分歧+缩量+再启动   86  -1.732      NaN     NaN    NaN -0.971  -2.248         NaN  -2.929      NaN     NaN    NaN -2.205  -1.278         NaN   -3.497       NaN      NaN     NaN  -0.613   -0.109          NaN
F_分歧+缩量+结构未破+再启动   75  -1.807      NaN     NaN    NaN -1.193  -3.061         NaN  -4.101      NaN     NaN    NaN -2.687  -1.619         NaN   -3.843       NaN      NaN     NaN  -2.819   -1.397          NaN
     G_F+再启动量能确认   59  -1.843      NaN     NaN    NaN -1.237  -2.103         NaN  -2.929      NaN     NaN    NaN -2.533  -1.909         NaN   -3.709       NaN      NaN     NaN  -1.838   -0.855          NaN
          A_全部首板 6245  -0.792      NaN     NaN    NaN -0.668     NaN         NaN  -1.623      NaN     NaN    NaN -0.902     NaN         NaN   -2.158       NaN      NaN     NaN  -0.812      NaN          NaN
         B_第一次分歧 6231  -2.643      NaN     NaN    NaN -1.279  -1.029         NaN  -3.418      NaN     NaN    NaN -1.597  -1.570         NaN   -3.593       NaN      NaN     NaN  -0.905   -4.143          NaN
         C_分歧+缩量  345   1.558      NaN     NaN    NaN  2.858     NaN         NaN   3.715      NaN     NaN    NaN  5.490     NaN         NaN    3.914       NaN      NaN     NaN   6.404      NaN          NaN
    D_分歧+缩量+结构未破  273   2.188      NaN     NaN    NaN  3.485     NaN         NaN   3.953      NaN     NaN    NaN  5.538     NaN         NaN    4.371       NaN      NaN     NaN   6.911      NaN          NaN
     E_分歧+缩量+再启动  223   1.257      NaN     NaN    NaN  2.304   2.311         NaN   0.562      NaN     NaN    NaN  2.260   1.452         NaN   -0.229       NaN      NaN     NaN   1.436    2.623          NaN
F_分歧+缩量+结构未破+再启动  195   1.257      NaN     NaN    NaN  2.250   2.308         NaN   0.562      NaN     NaN    NaN  2.419   1.673         NaN   -0.483       NaN      NaN     NaN   1.267    0.626          NaN
     G_F+再启动量能确认   86  -1.266      NaN     NaN    NaN  1.188   1.016         NaN  -1.511      NaN     NaN    NaN  1.270   1.529         NaN   -2.473       NaN      NaN     NaN  -0.501   -0.315          NaN
          A_全部首板 6454  -0.029      NaN     NaN    NaN  0.544     NaN         NaN  -0.670      NaN     NaN    NaN  0.741     NaN         NaN   -1.248       NaN      NaN     NaN   0.718      NaN          NaN
         B_第一次分歧 6450  -1.316      NaN     NaN    NaN  0.686  -2.030         NaN  -1.905      NaN     NaN    NaN  0.447  -2.626         NaN   -2.343       NaN      NaN     NaN   0.652   -2.878          NaN
         C_分歧+缩量  339  -0.646      NaN     NaN    NaN  0.901     NaN         NaN  -0.579      NaN     NaN    NaN  1.241     NaN         NaN    0.210       NaN      NaN     NaN   2.560      NaN          NaN
    D_分歧+缩量+结构未破  287  -0.589      NaN     NaN    NaN  0.970     NaN         NaN  -0.017      NaN     NaN    NaN  1.828     NaN         NaN    0.527       NaN      NaN     NaN   2.761      NaN          NaN
     E_分歧+缩量+再启动  189  -0.255      NaN     NaN    NaN  0.741   1.144         NaN  -0.328      NaN     NaN    NaN  0.612   1.461         NaN   -0.255       NaN      NaN     NaN   0.408    1.751          NaN
F_分歧+缩量+结构未破+再启动  179   0.004      NaN     NaN    NaN  0.850   1.143         NaN   0.113      NaN     NaN    NaN  0.698   1.600         NaN   -0.146       NaN      NaN     NaN   0.933    2.477          NaN
     G_F+再启动量能确认  123  -0.162      NaN     NaN    NaN  0.939   0.744         NaN  -0.032      NaN     NaN    NaN  0.361   0.466         NaN   -0.855       NaN      NaN     NaN  -0.032    0.373          NaN
          A_全部首板 4668  -0.046      NaN     NaN    NaN  0.351     NaN         NaN  -0.756      NaN     NaN    NaN  0.343     NaN         NaN   -1.494       NaN      NaN     NaN   0.203      NaN          NaN
         B_第一次分歧 4643  -1.285      NaN     NaN    NaN  0.520  -1.080         NaN  -1.724      NaN     NaN    NaN  0.593  -2.252         NaN   -2.724       NaN      NaN     NaN  -0.033   -2.368          NaN
         C_分歧+缩量  431  -1.407      NaN     NaN    NaN -0.005     NaN         NaN  -1.857      NaN     NaN    NaN -0.331     NaN         NaN   -2.072       NaN      NaN     NaN  -0.501      NaN          NaN
    D_分歧+缩量+结构未破  313  -0.811      NaN     NaN    NaN  0.590     NaN         NaN  -0.941      NaN     NaN    NaN  0.585     NaN         NaN   -1.403       NaN      NaN     NaN   0.167      NaN          NaN
     E_分歧+缩量+再启动  226  -1.174      NaN     NaN    NaN  0.078   0.244         NaN  -1.428      NaN     NaN    NaN -0.569  -0.164         NaN   -1.895       NaN      NaN     NaN  -1.396   -1.301          NaN
F_分歧+缩量+结构未破+再启动  192  -1.266      NaN     NaN    NaN -0.395  -0.150         NaN  -1.557      NaN     NaN    NaN -0.633   0.072         NaN   -1.998       NaN      NaN     NaN  -1.039   -0.647          NaN
     G_F+再启动量能确认  107  -1.630      NaN     NaN    NaN  0.087   0.139         NaN  -1.706      NaN     NaN    NaN -0.772  -0.706         NaN   -2.769       NaN      NaN     NaN  -3.119   -0.442          NaN
          A_全部首板 3746  -0.255      NaN     NaN    NaN -0.411     NaN         NaN  -1.124      NaN     NaN    NaN -0.869     NaN         NaN   -1.479       NaN      NaN     NaN  -0.634      NaN          NaN
         B_第一次分歧 3738  -1.748      NaN     NaN    NaN -0.733  -2.690         NaN  -1.966      NaN     NaN    NaN -0.461  -2.758         NaN   -2.999       NaN      NaN     NaN  -1.101   -2.862          NaN
         C_分歧+缩量  197  -1.110      NaN     NaN    NaN -0.113     NaN         NaN  -2.018      NaN     NaN    NaN -0.776     NaN         NaN   -2.639       NaN      NaN     NaN  -0.953      NaN          NaN
    D_分歧+缩量+结构未破  163  -1.143      NaN     NaN    NaN -0.146     NaN         NaN  -1.981      NaN     NaN    NaN -0.739     NaN         NaN   -2.378       NaN      NaN     NaN  -0.693      NaN          NaN
     E_分歧+缩量+再启动   86  -1.732      NaN     NaN    NaN -0.971  -2.248         NaN  -2.929      NaN     NaN    NaN -2.205  -1.278         NaN   -3.497       NaN      NaN     NaN  -0.613   -0.109          NaN
F_分歧+缩量+结构未破+再启动   75  -1.807      NaN     NaN    NaN -1.193  -3.061         NaN  -4.101      NaN     NaN    NaN -2.687  -1.619         NaN   -3.843       NaN      NaN     NaN  -2.819   -1.397          NaN
     G_F+再启动量能确认   59  -1.843      NaN     NaN    NaN -1.237  -2.103         NaN  -2.929      NaN     NaN    NaN -2.533  -1.909         NaN   -3.709       NaN      NaN     NaN  -1.838   -0.855          NaN
          A_全部首板 6245  -0.792      NaN     NaN    NaN -0.668     NaN         NaN  -1.623      NaN     NaN    NaN -0.902     NaN         NaN   -2.158       NaN      NaN     NaN  -0.812      NaN          NaN
         B_第一次分歧 6231  -2.643      NaN     NaN    NaN -1.279  -1.029         NaN  -3.418      NaN     NaN    NaN -1.597  -1.570         NaN   -3.593       NaN      NaN     NaN  -0.905   -4.143          NaN
         C_分歧+缩量  345   1.558      NaN     NaN    NaN  2.858     NaN         NaN   3.715      NaN     NaN    NaN  5.490     NaN         NaN    3.914       NaN      NaN     NaN   6.404      NaN          NaN
    D_分歧+缩量+结构未破  273   2.188      NaN     NaN    NaN  3.485     NaN         NaN   3.953      NaN     NaN    NaN  5.538     NaN         NaN    4.371       NaN      NaN     NaN   6.911      NaN          NaN
     E_分歧+缩量+再启动  223   1.257      NaN     NaN    NaN  2.304   2.311         NaN   0.562      NaN     NaN    NaN  2.260   1.452         NaN   -0.229       NaN      NaN     NaN   1.436    2.623          NaN
F_分歧+缩量+结构未破+再启动  195   1.257      NaN     NaN    NaN  2.250   2.308         NaN   0.562      NaN     NaN    NaN  2.419   1.673         NaN   -0.483       NaN      NaN     NaN   1.267    0.626          NaN
     G_F+再启动量能确认   86  -1.266      NaN     NaN    NaN  1.188   1.016         NaN  -1.511      NaN     NaN    NaN  1.270   1.529         NaN   -2.473       NaN      NaN     NaN  -0.501   -0.315          NaN
          A_全部首板 6454  -0.029      NaN     NaN    NaN  0.544     NaN         NaN  -0.670      NaN     NaN    NaN  0.741     NaN         NaN   -1.248       NaN      NaN     NaN   0.718      NaN          NaN
         B_第一次分歧 6450  -1.316      NaN     NaN    NaN  0.686  -2.030         NaN  -1.905      NaN     NaN    NaN  0.447  -2.626         NaN   -2.343       NaN      NaN     NaN   0.652   -2.878          NaN
         C_分歧+缩量  339  -0.646      NaN     NaN    NaN  0.901     NaN         NaN  -0.579      NaN     NaN    NaN  1.241     NaN         NaN    0.210       NaN      NaN     NaN   2.560      NaN          NaN
    D_分歧+缩量+结构未破  287  -0.589      NaN     NaN    NaN  0.970     NaN         NaN  -0.017      NaN     NaN    NaN  1.828     NaN         NaN    0.527       NaN      NaN     NaN   2.761      NaN          NaN
     E_分歧+缩量+再启动  189  -0.255      NaN     NaN    NaN  0.741   1.144         NaN  -0.328      NaN     NaN    NaN  0.612   1.461         NaN   -0.255       NaN      NaN     NaN   0.408    1.751          NaN
F_分歧+缩量+结构未破+再启动  179   0.004      NaN     NaN    NaN  0.850   1.143         NaN   0.113      NaN     NaN    NaN  0.698   1.600         NaN   -0.146       NaN      NaN     NaN   0.933    2.477          NaN
     G_F+再启动量能确认  123  -0.162      NaN     NaN    NaN  0.939   0.744         NaN  -0.032      NaN     NaN    NaN  0.361   0.466         NaN   -0.855       NaN      NaN     NaN  -0.032    0.373          NaN
          A_全部首板 4668  -0.046      NaN     NaN    NaN  0.351     NaN         NaN  -0.756      NaN     NaN    NaN  0.343     NaN         NaN   -1.494       NaN      NaN     NaN   0.203      NaN          NaN
         B_第一次分歧 4643  -1.285      NaN     NaN    NaN  0.520  -1.080         NaN  -1.724      NaN     NaN    NaN  0.593  -2.252         NaN   -2.724       NaN      NaN     NaN  -0.033   -2.368          NaN
         C_分歧+缩量  431  -1.407      NaN     NaN    NaN -0.005     NaN         NaN  -1.857      NaN     NaN    NaN -0.331     NaN         NaN   -2.072       NaN      NaN     NaN  -0.501      NaN          NaN
    D_分歧+缩量+结构未破  313  -0.811      NaN     NaN    NaN  0.590     NaN         NaN  -0.941      NaN     NaN    NaN  0.585     NaN         NaN   -1.403       NaN      NaN     NaN   0.167      NaN          NaN
     E_分歧+缩量+再启动  226  -1.174      NaN     NaN    NaN  0.078   0.244         NaN  -1.428      NaN     NaN    NaN -0.569  -0.164         NaN   -1.895       NaN      NaN     NaN  -1.396   -1.301          NaN
F_分歧+缩量+结构未破+再启动  192  -1.266      NaN     NaN    NaN -0.395  -0.150         NaN  -1.557      NaN     NaN    NaN -0.633   0.072         NaN   -1.998       NaN      NaN     NaN  -1.039   -0.647          NaN
     G_F+再启动量能确认  107  -1.630      NaN     NaN    NaN  0.087   0.139         NaN  -1.706      NaN     NaN    NaN -0.772  -0.706         NaN   -2.769       NaN      NaN     NaN  -3.119   -0.442          NaN

### EDGE
=== EDGE_事件链 (52 rows)
                group period   cost     N  t3_med  t3_win  t3_pf  t3_ex  t5_med  t5_win  t5_pf  t5_ex  t10_med  t10_win  t10_pf  t10_ex
E_Q1_首次回撤2%_收盘位置>=0.6    ALL 0.255%  3545  -2.575    36.8  0.580 -1.070  -3.069    35.9  0.603 -1.287   -3.730     37.5   0.757  -1.364
E_Q1_首次回撤2%_收盘位置>=0.6  TRAIN 0.255%  1590  -2.211    37.9  0.620 -0.926  -2.604    36.5  0.631 -0.972   -3.672     37.4   0.716  -1.451
E_Q1_首次回撤2%_收盘位置>=0.6  VALID 0.255%  1393  -3.082    34.7  0.506 -1.453  -3.764    34.0  0.560 -1.733   -4.014     37.4   0.818  -1.518
E_Q1_首次回撤2%_收盘位置>=0.6    OOS 0.255%   562  -1.930    39.1  0.697 -1.150  -3.131    39.0  0.650 -1.491   -3.536     37.9   0.715  -0.900
E_Q2_首次回撤3%_收盘位置>=0.6    ALL 0.255%  2047  -3.163    34.2  0.513 -1.816  -3.938    33.4  0.537 -2.157   -4.921     33.5   0.652  -2.798
E_Q2_首次回撤3%_收盘位置>=0.6  TRAIN 0.255%   869  -2.634    35.8  0.547 -1.310  -3.509    34.1  0.551 -1.722   -4.374     34.6   0.615  -2.464
E_Q2_首次回撤3%_收盘位置>=0.6  VALID 0.255%   867  -3.916    32.4  0.462 -2.417  -4.624    32.1  0.524 -2.716   -5.389     33.0   0.744  -3.073
E_Q2_首次回撤3%_收盘位置>=0.6    OOS 0.255%   311  -3.025    35.0  0.594 -2.072  -3.488    35.1  0.542 -1.924   -5.269     31.5   0.498  -2.433
 E_Q3_首次回撤2%_收盘位置<0.6    ALL 0.255% 27371  -1.633    39.2  0.698 -0.219  -2.055    39.0  0.689 -0.229   -2.607     39.4   0.775  -0.290
 E_Q3_首次回撤2%_收盘位置<0.6  TRAIN 0.255% 12184  -1.416    39.9  0.721 -0.155  -1.766    39.5  0.721 -0.142   -2.421     39.7   0.774  -0.196
 E_Q3_首次回撤2%_收盘位置<0.6  VALID 0.255% 11153  -1.945    37.9  0.663 -0.331  -2.500    37.2  0.650 -0.360   -2.772     38.8   0.813  -0.361
 E_Q3_首次回撤2%_收盘位置<0.6    OOS 0.255%  4034  -1.457    40.7  0.743 -0.265  -1.869    42.2  0.721 -0.194   -2.923     39.7   0.682  -0.173
       E_Q4_首次回撤2%_全部    ALL 0.255% 30932  -1.720    38.9  0.680 -0.314  -2.163    38.6  0.676 -0.332   -2.724     39.2   0.772  -0.392
       E_Q4_首次回撤2%_全部  TRAIN 0.255% 13778  -1.476    39.6  0.706 -0.216  -1.858    39.2  0.708 -0.202   -2.526     39.5   0.766  -0.337
       E_Q4_首次回撤2%_全部  VALID 0.255% 12557  -2.076    37.5  0.638 -0.454  -2.604    36.8  0.635 -0.505   -2.894     38.7   0.812  -0.479
       E_Q4_首次回撤2%_全部    OOS 0.255%  4597  -1.533    40.5  0.736 -0.332  -1.972    41.8  0.710 -0.332   -2.969     39.5   0.687  -0.241
     E_Q5_首次盘中回撤2%_全部    ALL 0.255% 31197  -1.585    40.3  0.794 -0.185  -2.050    39.3  0.764 -0.195   -2.662     39.6   0.830  -0.219
     E_Q5_首次盘中回撤2%_全部  TRAIN 0.255% 13873  -1.383    40.8  0.842 -0.145  -1.793    39.6  0.803 -0.152   -2.446     40.1   0.825  -0.192
     E_Q5_首次盘中回撤2%_全部  VALID 0.255% 12681  -1.934    39.0  0.736 -0.221  -2.520    37.7  0.726 -0.282   -2.918     38.7   0.865  -0.269
     E_Q5_首次盘中回撤2%_全部    OOS 0.255%  4643  -1.285    42.3  0.848 -0.097  -1.724    42.4  0.773 -0.118   -2.724     40.6   0.750  -0.115
 E_V1_回撤2%后2日_量比>=1.2    ALL 0.255% 22056  -1.290    40.5  0.791 -0.125  -1.574    41.2  0.858 -0.188   -1.971     41.8   0.897  -0.113
 E_V1_回撤2%后2日_量比>=1.2  TRAIN 0.255%  9664  -1.181    40.6  0.804 -0.132  -1.515    40.7  0.806 -0.180   -2.076     41.0   0.851  -0.102
 E_V1_回撤2%后2日_量比>=1.2  VALID 0.255%  9447  -1.400    40.1  0.800 -0.079  -1.553    41.8  0.936 -0.181   -1.526     43.6   1.048  -0.033
 E_V1_回撤2%后2日_量比>=1.2    OOS 0.255%  2945  -1.310    41.1  0.731 -0.157  -1.846    41.2  0.779 -0.200   -3.171     38.4   0.642  -0.214
 E_V2_回撤2%后2日_量比<=0.8    ALL 0.255%  1628  -0.669    45.6  0.941  0.520  -0.335    48.0  1.086  0.974   -0.804     47.3   1.044   1.051
 E_V2_回撤2%后2日_量比<=0.8  TRAIN 0.255%   797  -0.849    42.4  0.836  0.120  -0.677    45.2  0.944  0.671   -1.404     44.8   0.911   0.543
 E_V2_回撤2%后2日_量比<=0.8  VALID 0.255%   536   0.641    54.1  1.471  1.940   1.089    56.7  1.828  2.506    1.183     55.4   1.716   2.770
 E_V2_回撤2%后2日_量比<=0.8    OOS 0.255%   295  -2.053    38.7  0.582 -0.570  -2.010    39.4  0.624 -0.695   -2.749     39.5   0.650  -0.011
      E_M1_量/首板量>=1.3    ALL 0.255% 10968  -1.782    39.2  0.727 -0.596  -2.252    39.0  0.732 -0.834   -3.002     38.8   0.772  -1.131
      E_M1_量/首板量>=1.3  TRAIN 0.255%  4723  -1.606    39.7  0.740 -0.563  -1.988    38.8  0.721 -0.667   -2.867     38.8   0.759  -0.827
      E_M1_量/首板量>=1.3  VALID 0.255%  4642  -2.217    36.9  0.678 -0.882  -2.784    37.7  0.712 -1.348   -3.061     38.8   0.821  -1.610
      E_M1_量/首板量>=1.3    OOS 0.255%  1603  -0.960    44.4  0.851  0.195  -1.459    43.7  0.829  0.223   -3.228     38.4   0.670  -0.479
      E_M2_量/首板量<=0.5    ALL 0.255%  2313  -0.516    45.2  1.069  0.697  -0.479    46.2  1.257  0.990   -0.393     47.7   1.282   1.508
      E_M2_量/首板量<=0.5  TRAIN 0.255%  1252  -0.620    43.5  1.013  0.448  -0.939    42.6  1.058  0.404   -0.768     44.8   1.024   1.256
      E_M2_量/首板量<=0.5  VALID 0.255%   844  -0.132    49.2  1.248  1.275   0.679    53.3  1.757  2.243    0.819     53.9   1.971   2.461
      E_M2_量/首板量<=0.5    OOS 0.255%   217  -1.128    40.0  0.705  0.098  -1.572    38.5  0.687  0.119   -2.365     39.6   0.643   0.378
        E_M3_连续缩量<=1日    ALL 0.255% 12007  -1.917    38.5  0.697 -0.764  -2.420    39.1  0.738 -0.990   -3.226     38.2   0.763  -1.342
        E_M3_连续缩量<=1日  TRAIN 0.255%  5136  -1.605    39.6  0.731 -0.549  -2.044    39.6  0.729 -0.707   -3.018     38.4   0.741  -1.085
        E_M3_连续缩量<=1日  VALID 0.255%  4965  -2.402    37.1  0.675 -1.037  -2.784    38.3  0.747 -1.333   -3.179     38.3   0.844  -1.714
        E_M3_连续缩量<=1日    OOS 0.255%  1906  -1.850    39.5  0.679 -0.658  -2.444    39.8  0.734 -0.797   -4.081     36.9   0.620  -1.293
        E_M4_连续缩量>=3日    ALL 0.255% 12465  -1.574    35.6  0.587 -0.365  -1.730    38.1  0.695 -0.277   -1.821     41.0   0.831   0.095
        E_M4_连续缩量>=3日  TRAIN 0.255%  5704  -1.498    35.6  0.586 -0.433  -1.688    37.6  0.664 -0.334   -2.079     39.7   0.772  -0.060
        E_M4_连续缩量>=3日  VALID 0.255%  5162  -1.654    35.4  0.604 -0.270  -1.744    38.4  0.751 -0.248   -1.277     43.6   1.008   0.270
        E_M4_连续缩量>=3日    OOS 0.255%  1599  -1.612    36.7  0.538 -0.395  -1.968    38.9  0.633 -0.263   -3.072     36.8   0.593  -0.346
      E_M5_跌量/涨量<=0.5    ALL 0.255%  6496  -1.603    39.9  0.813 -0.436  -1.894    41.4  0.825 -0.531   -2.741     40.2   0.830  -0.973
      E_M5_跌量/涨量<=0.5  TRAIN 0.255%  2902  -1.488    39.7  0.800 -0.392  -1.629    41.4  0.798 -0.300   -2.554     40.7   0.843  -0.717
      E_M5_跌量/涨量<=0.5  VALID 0.255%  2571  -1.939    39.3  0.832 -0.615  -2.181    41.2  0.861 -0.811   -2.940     40.3   0.862  -1.599
      E_M5_跌量/涨量<=0.5    OOS 0.255%  1023  -1.320    41.8  0.790 -0.106  -1.936    41.9  0.799 -0.090   -2.965     38.5   0.714  -0.127
      E_M6_跌量/涨量>=1.5    ALL 0.255%  1238  -2.005    36.7  0.644 -0.846  -1.728    39.1  0.683 -0.309   -1.742     40.8   0.871   0.103
      E_M6_跌量/涨量>=1.5  TRAIN 0.255%   631  -1.663    37.2  0.664 -0.620  -1.789    38.5  0.689 -0.427   -1.523     41.4   0.896   0.394
      E_M6_跌量/涨量>=1.5  VALID 0.255%   474  -2.382    33.3  0.578 -0.887  -1.920    39.0  0.652 -0.390   -1.798     40.1   0.902  -0.205
      E_M6_跌量/涨量>=1.5    OOS 0.255%   133  -1.251    46.5  0.871  0.049  -0.881    42.4  0.787  0.925   -2.455     40.3   0.627   0.314

=== EDGE_Regime (4 rows)
                group  period   cost    N  t3_med  t3_win  t3_pf  t3_ex  t5_med  t5_win  t5_pf  t5_ex  t10_med  t10_win  t10_pf  t10_ex
E_Q1_首次回撤2%_收盘位置>=0.6    bear 0.255%  348  -0.367    48.3  1.075  0.954   0.733    53.2  1.369  2.516    2.116     57.5   1.881   4.227
E_Q1_首次回撤2%_收盘位置>=0.6 neutral 0.255% 1765  -2.882    35.0  0.542 -1.477  -3.653    32.7  0.524 -1.699   -4.778     33.5   0.624  -2.518
E_Q1_首次回撤2%_收盘位置>=0.6  strong 0.255%  610  -2.503    38.2  0.641 -1.011  -2.978    36.4  0.628 -1.299   -3.823     40.2   0.855  -1.624
E_Q1_首次回撤2%_收盘位置>=0.6    weak 0.255%  822  -2.883    34.9  0.502 -1.508  -3.640    34.8  0.597 -1.536   -3.844     35.5   0.769  -1.392

=== EDGE_逐年 (6 rows)
                group period   cost   N  t3_med  t3_win  t3_pf  t3_ex  t5_med  t5_win  t5_pf  t5_ex  t10_med  t10_win  t10_pf  t10_ex
E_Q1_首次回撤2%_收盘位置>=0.6   2021 0.255% 589     NaN     NaN    NaN    NaN  -2.324    36.8  0.726 -0.378      NaN      NaN     NaN     NaN
E_Q1_首次回撤2%_收盘位置>=0.6   2022 0.255% 607     NaN     NaN    NaN    NaN  -2.124    39.7  0.667 -0.233      NaN      NaN     NaN     NaN
E_Q1_首次回撤2%_收盘位置>=0.6   2023 0.255% 394     NaN     NaN    NaN    NaN  -4.202    31.0  0.490 -2.495      NaN      NaN     NaN     NaN
E_Q1_首次回撤2%_收盘位置>=0.6   2024 0.255% 668     NaN     NaN    NaN    NaN  -5.552    31.6  0.532 -3.558      NaN      NaN     NaN     NaN
E_Q1_首次回撤2%_收盘位置>=0.6   2025 0.255% 725     NaN     NaN    NaN    NaN  -2.537    36.1  0.596 -1.035      NaN      NaN     NaN     NaN
E_Q1_首次回撤2%_收盘位置>=0.6   2026 0.255% 549     NaN     NaN    NaN    NaN  -3.131    39.0  0.650 -1.246      NaN      NaN     NaN     NaN

=== EDGE_对照 (8 rows)
     group period   cost     N  t3_med  t3_win  t3_pf  t3_ex  t5_med  t5_win  t5_pf  t5_ex  t10_med  t10_win  t10_pf  t10_ex
 A_全部首板@T0    ALL 0.255% 31255  -0.142    49.3  1.582  0.000  -0.772    46.6  1.399  0.000   -1.351     44.9   1.311   0.000
B_首次回撤日@fd    ALL 0.255% 30932  -1.720    38.9  0.680 -0.314  -2.163    38.6  0.676 -0.332   -2.724     39.2   0.772  -0.392
 A_全部首板@T0  TRAIN 0.255% 13888   0.043    50.3  1.666  0.000  -0.490    47.7  1.456  0.000   -1.052     45.9   1.305   0.000
B_首次回撤日@fd  TRAIN 0.255% 13778  -1.476    39.6  0.706 -0.216  -1.858    39.2  0.708 -0.202   -2.526     39.5   0.766  -0.337
 A_全部首板@T0  VALID 0.255% 12699  -0.397    48.1  1.561  0.000  -1.099    45.2  1.403  0.000   -1.697     43.8   1.418   0.000
B_首次回撤日@fd  VALID 0.255% 12557  -2.076    37.5  0.638 -0.454  -2.604    36.8  0.635 -0.505   -2.894     38.7   0.812  -0.479
 A_全部首板@T0    OOS 0.255%  4668  -0.046    49.8  1.427  0.000  -0.756    47.2  1.243  0.000   -1.494     44.6   1.069   0.000
B_首次回撤日@fd    OOS 0.255%  4597  -1.533    40.5  0.736 -0.332  -1.972    41.8  0.710 -0.332   -2.969     39.5   0.687  -0.241

=== EDGE_滑点 (12 rows)
                group    period     cost    N  t3_med  t3_win  t3_pf  t3_ex  t5_med  t5_win  t5_pf  t5_ex  t10_med  t10_win  t10_pf  t10_ex
E_Q1_首次回撤2%_收盘位置>=0.6 slip=0.0% 双边0.055%  562  -1.730    40.1  0.735 -0.950  -2.931    39.5  0.678 -1.291   -3.336     38.7   0.738  -0.700
E_Q1_首次回撤2%_收盘位置>=0.6 slip=0.1% 双边0.255%  562  -1.930    39.1  0.697 -1.150  -3.131    39.0  0.650 -1.491   -3.536     37.9   0.715  -0.900
E_Q1_首次回撤2%_收盘位置>=0.6 slip=0.2% 双边0.455%  562  -2.130    38.7  0.661 -1.350  -3.331    38.4  0.622 -1.691   -3.736     37.7   0.692  -1.100
E_Q1_首次回撤2%_收盘位置>=0.6 slip=0.3% 双边0.655%  562  -2.330    38.3  0.626 -1.550  -3.531    38.1  0.596 -1.891   -3.936     37.5   0.671  -1.300
E_Q2_首次回撤3%_收盘位置>=0.6 slip=0.0% 双边0.055%  311  -2.825    35.9  0.625 -1.872  -3.288    35.4  0.565 -1.724   -5.069     32.2   0.513  -2.233
E_Q2_首次回撤3%_收盘位置>=0.6 slip=0.1% 双边0.255%  311  -3.025    35.0  0.594 -2.072  -3.488    35.1  0.542 -1.924   -5.269     31.5   0.498  -2.433
E_Q2_首次回撤3%_收盘位置>=0.6 slip=0.2% 双边0.455%  311  -3.225    34.3  0.565 -2.272  -3.688    34.4  0.520 -2.124   -5.469     31.2   0.483  -2.633
E_Q2_首次回撤3%_收盘位置>=0.6 slip=0.3% 双边0.655%  311  -3.425    33.7  0.538 -2.472  -3.888    34.4  0.499 -2.324   -5.669     31.2   0.468  -2.833
      E_M1_量/首板量>=1.3 slip=0.0% 双边0.055% 1603  -0.760    46.0  0.902  0.395  -1.259    44.7  0.869  0.423   -3.028     39.1   0.694  -0.279
      E_M1_量/首板量>=1.3 slip=0.1% 双边0.255% 1603  -0.960    44.4  0.851  0.195  -1.459    43.7  0.829  0.223   -3.228     38.4   0.670  -0.479
      E_M1_量/首板量>=1.3 slip=0.2% 双边0.455% 1603  -1.160    43.0  0.803 -0.005  -1.659    42.7  0.791  0.023   -3.428     37.6   0.647  -0.679
      E_M1_量/首板量>=1.3 slip=0.3% 双边0.655% 1603  -1.360    41.9  0.758 -0.205  -1.859    41.9  0.755 -0.177   -3.628     37.1   0.625  -0.879

