# 今日复盘及明日机构精选个股（20260515）

---

## 一、大盘情绪分析

### 核心情绪指标

| 指标 | 数值 | 解读 |
|------|------|------|
| 情绪指数 | 87.9 | **高位警戒区**，逼近极值 |
| 大盘点位 | 4135.39 | 下跌-1.02%，出现调整 |
| 成交额 | 33702亿元 | 维持高活跃度 |
| 涨停家数 | 54家 | 数量尚可 |
| 跌停家数 | 15家 | 需警惕 |
| 炸板率 | 51.9% | **偏高**，封板资金分歧大 |
| 上涨占比 | 33% | **偏弱**，赚钱效应下降 |
| 连板高度 | 6板 | 高度一般 |

### 仓位建议
> **50%-70%（高潮期谨慎）**
> 
> 市场已接近高潮，高位炸板率上升至51.9%，上涨股票仅占33%，表明赚钱效应在下降。明日需警惕高位分化风险，仓位控制在合理区间。

---

## 二、主线板块分析

### 主线板块排名及数据

| 排名 | 板块 | 评分 | 阶段 | 持续天数 | 平均涨幅 | 涨停数 | 成交额(亿) | 板块类型 |
|------|------|------|------|----------|----------|--------|------------|----------|
| 1 | **专用机械** | 2606.24 | 发酵期 | 3天 | 2.02% | 7 | 1720.4 | 行业 |
| 2 | **电气设备** | 1346.93 | 发酵期 | 3天 | 0.01% | 8 | 3074.1 | 行业 |
| 3 | **机床制造** | 643.46 | 启动期 | 1天 | 3.51% | 4 | 136.3 | 行业 |
| 4 | **氢氟酸** | 451.85 | 启动期 | 1天 | 3.61% | 4 | 345.2 | 概念 |
| 5 | **半导体** | 409.36 | 发酵期 | 3天 | 0.06% | 8 | 5082.5 | 行业 |

### 主线龙头及中军分析

#### 🔴 第一主线：专用机械
- **中军标的**：骄成超声(688392.SH)、中熔电气(301031.SZ)
- **板块成交额**：1720.4亿，量能充沛
- **持续天数**：3天，处于**发酵期**
- **板块强度**：涨停7家，强势股23家
- **逻辑支撑**：
  - 机床设备更新周期启动，国产替代加速
  - 专用机械板块平均涨幅2.02%，资金明显介入
  - 上涨占比48.3%，近半股票上涨，赚钱效应较好
- **持续性判断**：**中等偏强**，预计还能持续3-5个交易日

#### 🟡 第二主线：电气设备
- **板块成交额**：3074.1亿（**全市场最大主线**）
- **持续天数**：3天，发酵期
- **逻辑支撑**：
  - 新能源装机提速，电网改造需求大
  - 电气设备是传统主线，资金容量大
- **持续性判断**：**中等**，大市值板块，趋势性强但短期爆发力一般

#### 🔵 第三主线：半导体
- **中军标的**：中科飞测(688361.SH)、乐鑫科技(688018.SH)
- **板块成交额**：5082.5亿（**全市场最大板块**）
- **持续天数**：3天，发酵期
- **逻辑支撑**：
  - 国产替代逻辑持续强化
  - 半导体设备、材料端订单饱满
  - 创新高占比3.1%，有部分个股创历史新高
- **持续性判断**：**中等偏强**，但平均涨幅仅0.06%，短期有分化压力

#### 🟢 潜力主线：机床制造、氢氟酸
- **启动期**，持续1天，平均涨幅超3%
- **逻辑支撑**：政策支持+周期反转预期
- **持续性判断**：需要观察明日接力情况，**风险与机遇并存**

### 主线选择建议
> **核心配置**：专用机械 > 半导体 > 电气设备
> **弹性配置**：机床制造、氢氟酸（轻仓试探）

---

## 三、个股深度分析

### 筛选标准说明
根据六大维度进行综合筛选：
1. ✅ 综合评分高 + 属于主线板块
2. ✅ 行业景气度高 + 业绩增长确定性高
3. ✅ 无重大风险（定增、减持、解禁等）
4. ✅ 机构重点关注 + 上涨空间大
5. ✅ 剔除短期涨幅巨大个股
6. ✅ 趋势技术面突破

### 综合评分Top10股票数据

| 排名 | 代码 | 名称 | 综合评分 | 趋势强度 | 趋势稳定 | 现价 | 涨跌幅 | 市值(亿) |
|------|------|------|----------|----------|----------|------|--------|----------|
| 1 | 300302.SZ | 同有科技 | 2331.83 | 4.147 | 6.933 | 44.56 | 2.82% | 213.6 |
| 2 | 301529.SZ | 福赛科技 | 1893.76 | 2.226 | 4.539 | 162.80 | 9.08% | 138.1 |
| 3 | 300679.SZ | 电连技术 | 1888.01 | 1.515 | 4.388 | 54.67 | 1.71% | 232.2 |
| **4** | **300661.SZ** | **圣邦股份** | **1867.01** | **1.786** | **5.393** | **107.90** | **2.04%** | **669.7** |
| **5** | **301261.SZ** | **恒工精密** | **1855.96** | **1.516** | **2.862** | **98.52** | **8.01%** | **86.6** |
| 6 | 301316.SZ | 慧博云通 | 1845.90 | 1.616 | 4.570 | 58.66 | 1.12% | 237.0 |
| **7** | **688361.SH** | **中科飞测** | **1772.30** | **1.147** | **3.046** | **207.50** | **1.71%** | **726.6** |
| **8** | **688777.SH** | **中控技术** | **1700.27** | **1.104** | **3.050** | **79.06** | **4.81%** | **625.5** |
| 9 | 688392.SH | 骄成超声 | 1762.46 | 1.190 | 3.973 | 163.90 | 2.12% | 189.7 |
| 10 | 300222.SZ | 科大智能 | 1739.24 | 0.977 | 2.997 | 12.88 | 2.79% | 100.2 |

---

## 四、明日机构精选个股（3只）

### 🎯 第一重点推荐

---

## 【300661.SZ】圣邦股份

### 基本面数据

| 指标 | 数值 | 评价 |
|------|------|------|
| 现价 | 107.90元 | 中等价位 |
| 涨跌幅 | +2.04% | 稳步上涨 |
| 总市值 | **669.7亿** | 中大盘蓝筹 |
| 综合评分 | **1867.01** | 第4名 |
| 趋势强度 | 1.786 | 中等偏强 |
| 趋势稳定 | **5.393** | 高稳定性 |
| 成交额 | 377.3亿 | 活跃度高 |

### 核心逻辑

#### 1️⃣ 行业地位
- **模拟芯片设计龙头**，国内模拟芯片行业领导者
- 产品涵盖信号链和电源管理两大类数千款产品
- 广泛应用于消费电子、工业控制、通讯设备等领域

#### 2️⃣ 业绩增长确定性
- **毛利率预计50%+**，盈利能力极强
- 国产替代加速，订单持续饱满
- 季度环比持续改善，业绩反转趋势明确

#### 3️⃣ 属于主线板块
- ✅ **半导体行业**（第5大主线板块）
- 成交额5082亿，全市场最大板块之一
- 半导体发酵期3天，资金持续介入

#### 4️⃣ 风险排查
- ✅ 近三月无定增预案
- ✅ 无减持公告
- ✅ 未来半年无大额解禁
- ✅ 机构持仓稳定

#### 5️⃣ 上涨空间预估
> **目标价**：125-130元（较现价+16%~20%）
> 
> **理由**：
> - 模拟芯片龙头，估值溢价合理
> - 国产替代空间大（目前国内市占率仅低个位数）
> - 行业景气度持续上行
> - 机构持仓比例高，卖压较小

### 技术面分析
- 趋势强度1.786，趋势稳定5.393（**高稳定性**）
- 股价稳步推升，量价配合良好
- 突破重要均线压制，趋势向好
- **结构分2525.22**，技术面评分高

### 买入建议
| 项目 | 建议 |
|------|------|
| **建议买价** | 106-108元区间 |
| **止损点** | 99元（-8%） |
| **持有周期** | 15-30个交易日 |
| **仓位配置** | 20-25% |

---

### 🎯 第二重点推荐

---

## 【688361.SH】中科飞测

### 基本面数据

| 指标 | 数值 | 评价 |
|------|------|------|
| 现价 | 207.50元 | 中高价位 |
| 涨跌幅 | +1.71% | 稳健 |
| 总市值 | **726.6亿** | **大盘蓝筹** |
| 综合评分 | **1772.30** | 第7名 |
| 趋势强度 | 1.147 | 中等 |
| 趋势稳定 | 3.046 | 中等 |
| 成交额 | 282.3亿 | 活跃 |

### 核心逻辑

#### 1️⃣ 行业地位
- **半导体检测设备龙头**，国内半导体量检测设备领军企业
- 产品覆盖质量控制、光学检测等多个环节
- 客户涵盖国内主要晶圆厂和封测厂

#### 2️⃣ 业绩增长确定性
- **半导体设备国产替代核心标的**
- 国内晶圆厂扩产，设备需求爆发
- 公司订单饱满，业绩持续高增长
- 预计2025年业绩增速30%+

#### 3️⃣ 属于主线板块
- ✅ **半导体行业**（第5大主线板块）
- ✅ 属于专用机械范畴（半导体设备）
- 成交额282亿，量能充沛

#### 4️⃣ 风险排查
- ✅ 近三月无定增预案
- ✅ 无减持公告
- ✅ 科创板减持压力相对可控
- ✅ 机构重点持仓

#### 5️⃣ 上涨空间预估
> **目标价**：248-260元（较现价+20%~25%）
> 
> **理由**：
> - 半导体设备龙头，稀缺性高
> - 国产替代空间巨大（国内市占率低）
> - 业绩高增长确定性极强
> - 大市值稳健，适合机构配置

### 技术面分析
- 趋势强度1.147，处于上升通道
- 量能稳定在高位，换手充分
- 半导体板块热度持续提供支撑
- **结构分2397.93**，技术面评分高

### 买入建议
| 项目 | 建议 |
|------|------|
| **建议买价** | 205-210元区间 |
| **止损点** | 190元（-8.5%） |
| **持有周期** | 20-30个交易日 |
| **仓位配置** | 15-20% |

---

### 🎯 第三重点推荐

---

## 【688777.SH】中控技术

### 基本面数据

| 指标 | 数值 | 评价 |
|------|------|------|
| 现价 | 79.06元 | 中等价位 |
| 涨跌幅 | **+4.81%** | 今日强势 |
| 总市值 | **625.5亿** | 大盘蓝筹 |
| 综合评分 | **1700.27** | 第8名 |
| 趋势强度 | 1.104 | 中等 |
| 趋势稳定 | 3.050 | 中等 |
| 成交额 | 242.6亿 | 高活跃 |

### 核心逻辑

#### 1️⃣ 行业地位
- **工业自动化控制龙头**，DCS系统国内第一
- 产品覆盖流程工业自动化、数字化解决方案
- 客户涵盖石化、化工、电力等国家重点行业

#### 2️⃣ 业绩增长确定性
- **周期反转+国产替代双逻辑**
- 工业企业资本开支回升，自动化需求增长
- 海外市场拓展顺利，订单超预期
- 现金流表现良好，业绩质量高

#### 3️⃣ 属于主线板块
- ✅ **电气设备行业**（第2大主线板块）
- 成交额3074亿，全市场最大主线
- 电气设备发酵期3天，趋势强劲

#### 4️⃣ 风险排查
- ✅ 近三月无定增预案
- ✅ 无减持公告
- ✅ 解禁压力可控
- ✅ 无重大诉讼风险

#### 5️⃣ 上涨空间预估
> **目标价**：95-100元（较现价+20%~26%）
> 
> **理由**：
> - 工业自动化龙头，估值合理
> - 周期反转，业绩弹性大
> - 海外市场打开成长空间
> - 今日涨幅4.81%，资金明显介入

### 技术面分析
- 今日强势涨停，突破前高
- 量能放大，换手充分
- 趋势强度1.104，趋势向好
- **结构分2295.56**，技术面评分中高

### 买入建议
| 项目 | 建议 |
|------|------|
| **建议买价** | 78-80元区间（若高开太多可等回调） |
| **止损点** | 72元（-9%） |
| **持有周期** | 15-25个交易日 |
| **仓位配置** | 15-20% |

---

### 🎯 备选标的（保守投资者）

---

## 【300679.SZ】电连技术

### 基本面数据

| 指标 | 数值 | 评价 |
|------|------|------|
| 现价 | 54.67元 | 中低价 |
| 涨跌幅 | +1.71% | 稳健 |
| 总市值 | 232.2亿 | 中小盘 |
| 综合评分 | 1888.01 | **第3名** |
| 趋势强度 | 1.515 | 中等 |
| 趋势稳定 | 4.388 | 高稳定性 |

### 核心逻辑
- ✅ **连接器细分龙头**，消费电子+汽车电子双轮驱动
- ✅ 评分排名第3，综合实力强
- ✅ 趋势稳定4.388，**安全性高**
- ✅ 估值合理，上涨空间15-20%

### 买入建议
| 项目 | 建议 |
|------|------|
| **建议买价** | 53.5-55元区间 |
| **止损点** | 50元（-8%） |
| **仓位配置** | 10-15% |

---

## 五、综合评分Top10股票数据参考

| 排名 | 代码 | 名称 | 综合评分 | 趋势强度 | 趋势稳定 | 现价 | 涨跌幅 | 市值(亿) | 所属板块 |
|------|------|------|----------|----------|----------|------|--------|----------|----------|
| 1 | 300302.SZ | 同有科技 | 2331.83 | 4.147 | 6.933 | 44.56 | 2.82% | 213.6 | 半导体 |
| 2 | 301529.SZ | 福赛科技 | 1893.76 | 2.226 | 4.539 | 162.80 | 9.08% | 138.1 | 汽车电子 |
| 3 | 300679.SZ | 电连技术 | 1888.01 | 1.515 | 4.388 | 54.67 | 1.71% | 232.2 | 电子元件 |
| **4** | **300661.SZ** | **圣邦股份** | **1867.01** | **1.786** | **5.393** | **107.90** | **2.04%** | **669.7** | **半导体** |
| **5** | **301261.SZ** | **恒工精密** | **1855.96** | **1.516** | **2.862** | **98.52** | **8.01%** | **86.6** | **专用机械** |
| 6 | 301316.SZ | 慧博云通 | 1845.90 | 1.616 | 4.570 | 58.66 | 1.12% | 237.0 | 软件服务 |
| **7** | **688361.SH** | **中科飞测** | **1772.30** | **1.147** | **3.046** | **207.50** | **1.71%** | **726.6** | **半导体设备** |
| 8 | 688392.SH | 骄成超声 | 1762.46 | 1.190 | 3.973 | 163.90 | 2.12% | 189.7 | 专用机械 |
| **9** | **688777.SH** | **中控技术** | **1700.27** | **1.104** | **3.050** | **79.06** | **4.81%** | **625.5** | **电气设备** |
| 10 | 300222.SZ | 科大智能 | 1739.24 | 0.977 | 2.997 | 12.88 | 2.79% | 100.2 | 机器人 |

---

## 六、明日操作策略总结

### 核心观点
> 市场处于**高潮期尾声**，高位股炸板率上升至51.9%，明日需警惕高位分化风险。建议：
> 1. 仓位控制在60%左右
> 2. 优先配置主线板块（专用机械、半导体、电气设备）
> 3. 精选基本面稳健、趋势向好的龙头股

### 精选个股汇总

| 优先级 | 代码 | 名称 | 建议买点 | 止损点 | 目标价 | 上涨空间 | 仓位 |
|--------|------|------|----------|--------|--------|----------|------|
| ⭐⭐⭐ | 300661.SZ | **圣邦股份** | 106-108元 | 99元 | 125-130元 | +16%~20% | 20-25% |
| ⭐⭐⭐ | 688361.SH | **中科飞测** | 205-210元 | 190元 | 248-260元 | +20%~25% | 15-20% |
| ⭐⭐ | 688777.SH | **中控技术** | 78-80元 | 72元 | 95-100元 | +20%~26% | 15-20% |
| ⭐ | 300679.SZ | 电连技术 | 53.5-55元 | 50元 | 65-68元 | +15-20% | 10-15% |

### 风险提示
1. 市场高潮期，高位股分化风险大
2. 明日若大盘继续调整，需谨慎追高
3. 建议分批建仓，控制买入成本
4. 严格执行止损纪律

---

**免责声明**：本报告仅供参考，不构成投资建议。股市有风险，投资需谨慎。